start_time,quiescent_start_time,quiescent_stop_time,stim_start_time,response_window_start_time,stim_stop_time,response_time,response_window_stop_time,post_response_window_start_time,post_response_window_stop_time,stop_time,stim_name,stim_index,block_index,context_name,index,index_within_block,scheduled_reward_index_within_block,repeat_number,is_response,is_correct,is_incorrect,is_hit,is_false_alarm,is_correct_reject,is_miss,is_go,is_nogo,is_rewarded,is_noncontingent_reward,is_contingent_reward,is_reward_scheduled,is_aud_stim,is_vis_stim,is_catch,is_aud_target,is_vis_target,is_aud_nontarget,is_vis_nontarget,is_vis_context,is_aud_context,is_context_switch,is_repeat,is_opto
3.4944489999995567,3.4944489999995567,4.997013700028881,4.997013700028881,5.097006800011266,5.4970951000084165,5.313959800006821,5.997444499991368,5.997444499991368,7.998432300004176,8.99953320000507,vis1,3,0,vis,0.0,0.0,0.0,0.0,True,False,False,False,False,False,False,False,False,True,True,False,True,False,True,False,False,True,False,False,True,False,False,False,False
9.699895299979952,9.699895299979952,11.201146500019357,11.201146500019357,11.301301900015213,11.701894400009886,11.518016800002195,12.20210820000805,12.20210820000805,14.20375619998388,15.207060800001026,vis1,3,0,vis,1.0,1.0,1.0,0.0,True,False,False,False,False,False,False,False,False,True,True,False,True,False,True,False,False,True,False,False,True,False,False,False,False
25.179733400009106,25.179733400009106,26.680998399978968,26.680998399978968,26.78113389999792,27.181646500024478,27.198133500010705,27.681932199988047,27.681932199988047,29.683672200024127,30.684818700022994,vis1,3,0,vis,2.0,2.0,2.0,0.0,True,False,False,False,False,False,False,False,False,True,True,False,True,False,True,False,False,True,False,False,True,False,False,False,False
30.751519699997267,30.751519699997267,32.25266040001018,32.25266040001018,32.352618500017094,32.75287009997712,32.80300979998149,33.253417000008746,33.253417000008746,35.25505230000429,36.25590260001784,vis1,3,0,vis,3.0,3.0,3.0,0.0,True,False,False,False,False,False,False,False,False,True,True,False,True,False,True,False,False,True,False,False,True,False,False,False,False
36.38942929998459,36.38942929998459,37.89075590001605,37.89075590001605,37.990786699994466,38.39105300000822,38.35771180003369,38.891691799982915,38.891691799982915,40.89319500002032,41.89408750000596,vis1,3,0,vis,4.0,4.0,4.0,0.0,True,False,False,False,False,False,False,False,False,True,True,False,True,False,True,False,False,True,False,False,True,False,False,False,False
44.56309070002474,44.56309070002474,46.06442999997828,46.05442999997828,46.164492900026495,46.55442999997828,,47.06514229998877,47.06514229998877,49.067009600004646,50.06783359999256,sound1,1,0,vis,5.0,5.0,,0.0,False,True,False,False,False,True,False,False,True,False,False,False,False,True,False,False,True,False,False,False,True,False,False,False,False
51.08606030001258,51.08606030001258,52.58739519999083,52.57739519999083,52.68744100002525,53.07739519999083,,53.58837100002868,53.58837100002868,55.58996620000992,56.591039000029674,sound2,2,0,vis,6.0,6.0,,0.0,False,True,False,False,False,True,False,False,True,False,False,False,False,True,False,False,False,False,True,False,True,False,False,False,False
56.841068700022994,56.841068700022994,58.342586399996186,58.342586399996186,58.44256579999067,58.84270849999459,,59.34336240002606,59.34336240002606,61.344856699995695,62.34601869999617,vis2,4,0,vis,7.0,7.0,,0.0,False,True,False,False,False,True,False,False,True,False,False,False,False,False,True,False,False,False,False,True,True,False,False,False,False
64.44783999998775,64.44783999998775,65.94900139998366,65.93900139998365,66.04912180000404,66.43900139998365,,66.94991799997818,66.94991799997818,68.95158499998227,69.95272110001837,sound1,1,0,vis,8.0,8.0,,0.0,False,True,False,False,False,True,False,False,True,False,False,False,False,True,False,False,True,False,False,False,True,False,False,False,False
71.7872531000264,71.7872531000264,73.28845430003433,73.27845430003433,73.38858819998289,73.77845430003433,,74.28956309997896,74.28956309997896,76.29122339999024,77.29207959999052,sound2,2,0,vis,9.0,9.0,,0.0,False,True,False,False,False,True,False,False,True,False,False,False,False,True,False,False,False,False,True,False,True,False,False,False,False
77.50897670002608,77.50897670002608,79.01030720002903,79.00030720002903,79.11030260002893,79.50030720002903,,80.01115520002507,80.01115520002507,82.01285810001148,83.01368849998993,sound2,2,0,vis,10.0,10.0,,0.0,False,True,False,False,False,True,False,False,True,False,False,False,False,True,False,False,False,False,True,False,True,False,False,False,False
86.78336120001926,86.78336120001926,88.28487829998788,88.27487829998788,88.38497660001461,88.77487829998788,,89.2857362000011,89.2857362000011,91.28722960002209,92.28842569999118,sound2,2,0,vis,11.0,11.0,,0.0,False,True,False,False,False,True,False,False,True,False,False,False,False,True,False,False,False,False,True,False,True,False,False,False,False
93.13939769997681,93.13939769997681,94.64017390000821,94.64017390000821,94.74040020002006,95.14097750001541,,95.64101590001677,95.64101590001677,97.64289949998214,98.64353920002189,vis1,3,0,vis,12.0,12.0,,0.0,False,False,True,False,False,False,True,True,False,False,False,False,False,False,True,False,False,True,False,False,True,False,False,False,False
99.92801640003175,99.92801640003175,101.4298320000032,101.4198320000032,101.5293678999967,101.9198320000032,,102.43037189998152,102.43037189998152,104.43186219997891,105.43312100001798,sound2,2,0,vis,13.0,13.0,,0.0,False,True,False,False,False,True,False,False,True,False,False,False,False,True,False,False,False,False,True,False,True,False,False,False,False
105.91673479998438,105.91673479998438,107.41796420003242,107.41796420003242,107.5181000999962,107.91820700001857,,108.41886919999682,108.41886919999682,110.42057770002587,111.4214220999945,vis1,3,0,vis,14.0,14.0,,0.0,False,False,True,False,False,False,True,True,False,False,False,False,False,False,True,False,False,True,False,False,True,False,False,False,False
113.0730210000272,113.0730210000272,114.57448489999818,114.57448489999818,114.67451510003023,114.57448489999818,,115.57521590003465,115.57521590003465,117.57646429999453,118.57778920001304,catch,0,0,vis,,,,,False,True,False,False,False,False,False,False,False,False,False,False,False,False,False,True,False,False,False,False,True,False,False,False,False
118.9943449000218,118.9943449000218,120.49591000000667,120.49591000000667,120.59597780003399,120.49591000000667,,121.4970416000085,121.4970416000085,123.49822229997675,124.49910880003311,catch,0,0,vis,,,,,False,True,False,False,False,False,False,False,False,False,False,False,False,False,False,True,False,False,False,False,True,False,False,False,False
125.31664919999615,125.31664919999615,126.8177316000308,126.80773160003079,126.91783370002825,127.30773160003079,127.11822180002649,127.81862189999968,127.81862189999968,129.82051609998754,130.82158749999664,sound1,1,0,vis,15.0,15.0,,0.0,True,False,True,False,True,False,False,False,True,False,False,False,False,True,False,False,True,False,False,False,True,False,False,False,False
131.60520300002256,131.60520300002256,133.10698180000483,133.09698180000484,133.20658559999148,133.59698180000484,,134.107616300005,134.107616300005,136.10911289999214,137.11011810002103,sound1,1,0,vis,16.0,16.0,,0.0,False,True,False,False,False,True,False,False,True,False,False,False,False,True,False,False,True,False,False,False,True,False,False,False,False
137.94417390001192,137.94417390001192,139.4455716000027,139.4355716000027,139.54558630003314,139.9355716000027,,140.4462654999895,140.4462654999895,142.447859000016,143.44891909999725,sound1,1,0,vis,17.0,17.0,,0.0,False,True,False,False,False,True,False,False,True,False,False,False,False,True,False,False,True,False,False,False,True,False,False,False,False
143.68243980001145,143.68243980001145,145.18350390002317,145.18350390002317,145.28382020002184,145.6839870999772,,146.18464050000486,146.18464050000486,148.18605929998168,149.18717830000398,vis2,4,0,vis,18.0,18.0,,0.0,False,True,False,False,False,True,False,False,True,False,False,False,False,False,True,False,False,False,False,True,True,False,False,False,False
150.23783680000062,150.23783680000062,151.7562511999947,151.7562511999947,151.8559096999904,151.7562511999947,,152.75664620003383,152.75664620003383,154.75846480002812,155.75926929998397,catch,0,0,vis,,,,,False,True,False,False,False,False,False,False,False,False,False,False,False,False,False,True,False,False,False,False,True,False,False,False,False
156.4433837999911,156.4433837999911,157.94448970003006,157.94448970003006,158.0448260000064,158.44489689998747,,158.9455329999998,158.9455329999998,160.9472872000276,161.94786199998063,vis1,3,0,vis,19.0,19.0,,0.0,False,False,True,False,False,False,True,True,False,False,False,False,False,False,True,False,False,True,False,False,True,False,False,False,False
162.03150589997833,162.03150589997833,163.5325810000156,163.5325810000156,163.63288860000623,163.5325810000156,,164.53362810001428,164.53362810001428,166.53540639999275,167.53643899999744,catch,0,0,vis,,,,,False,True,False,False,False,False,False,False,False,False,False,False,False,False,False,True,False,False,False,False,True,False,False,False,False
168.1537080999785,168.1537080999785,169.6549288000185,169.6549288000185,169.7546361999791,170.1552138999775,,170.6554087000056,170.6554087000056,172.65722170001547,173.65807519999518,vis2,4,0,vis,20.0,20.0,,0.0,False,True,False,False,False,True,False,False,True,False,False,False,False,False,True,False,False,False,False,True,True,False,False,False,False
174.37543720002006,174.37543720002006,175.8765412999871,175.8765412999871,175.97662530002137,176.3772549000075,,176.87739190000295,176.87739190000295,178.87926269998727,179.88018620003433,vis1,3,0,vis,21.0,21.0,,0.0,False,False,True,False,False,False,True,True,False,False,False,False,False,False,True,False,False,True,False,False,True,False,False,False,False
181.13125620003277,181.13125620003277,182.6325204999973,182.6325204999973,182.73267639999696,183.13279030001442,,183.6331813000231,183.6331813000231,185.63489569998066,186.63595809997943,vis2,4,0,vis,22.0,22.0,,0.0,False,True,False,False,False,True,False,False,True,False,False,False,False,False,True,False,False,False,False,True,True,False,False,False,False
187.60361030000215,187.60361030000215,189.10473239998984,189.10473239998984,189.2048542000209,189.6049638000056,,190.10595920001808,190.10595920001808,192.1071278000106,193.1081247000345,vis2,4,0,vis,23.0,23.0,,0.0,False,True,False,False,False,True,False,False,True,False,False,False,False,False,True,False,False,False,False,True,True,False,False,False,False
194.67600739998463,194.67600739998463,196.19414590003154,196.19414590003154,196.2945911000222,196.69440789998927,,197.1952161000315,197.1952161000315,199.19651920000044,200.19736579998582,vis1,3,0,vis,24.0,24.0,,0.0,False,False,True,False,False,False,True,True,False,False,False,False,False,False,True,False,False,True,False,False,True,False,False,False,False
200.34801090003177,200.34801090003177,201.84883400001283,201.83883400001284,201.94888619997957,202.33883400001284,,202.8497295000213,202.8497295000213,204.8680255999877,205.86894530000583,sound1,1,0,vis,25.0,25.0,,0.0,False,True,False,False,False,True,False,False,True,False,False,False,False,True,False,False,True,False,False,False,True,False,False,False,False
208.02076480003026,208.02076480003026,209.5220655999817,209.5220655999817,209.62216610002517,209.5220655999817,,210.54006829998409,210.54006829998409,212.5413257000125,213.54215080000878,catch,0,0,vis,,,,,False,True,False,False,False,False,False,False,False,False,False,False,False,False,False,True,False,False,False,False,True,False,False,False,False
213.97613189998967,213.97613189998967,215.47717099998565,215.46717099998565,215.57725690003437,215.96717099998565,,216.4779878999777,216.4779878999777,218.496623200024,219.4977285000002,sound1,1,0,vis,26.0,26.0,,0.0,False,True,False,False,False,True,False,False,True,False,False,False,False,True,False,False,True,False,False,False,True,False,False,False,False
220.19805970003083,220.19805970003083,221.69939309999765,221.68939309999766,221.7995814000112,222.18939309999766,,222.7000517000067,222.7000517000067,224.70228869998547,225.71954919998254,sound2,2,0,vis,27.0,27.0,,0.0,False,True,False,False,False,True,False,False,True,False,False,False,False,True,False,False,False,False,True,False,True,False,False,False,False
226.5201711999923,226.5201711999923,228.02130269999336,228.02130269999336,228.12136709999479,228.52170869999983,,229.02258519998006,229.02258519998006,231.02427390003297,232.0257513999911,vis1,3,0,vis,28.0,28.0,,0.0,False,False,True,False,False,False,True,True,False,False,False,False,False,False,True,False,False,True,False,False,True,False,False,False,False
232.47533410002663,232.47533410002663,233.97650940001196,233.97650940001196,234.07665439998684,234.47685480002266,,234.97749959998484,234.97749959998484,236.9790019000154,237.98002060003066,vis1,3,0,vis,29.0,29.0,,0.0,False,False,True,False,False,False,True,True,False,False,False,False,False,False,True,False,False,True,False,False,True,False,False,False,False
238.93063620001496,238.93063620001496,240.44863399998005,240.44863399998005,240.54866440001362,240.44863399998005,,241.44947750000003,241.44947750000003,243.4512152000186,244.45202209999272,catch,0,0,vis,,,,,False,True,False,False,False,False,False,False,False,False,False,False,False,False,False,True,False,False,False,False,True,False,False,False,False
245.1526220000321,245.1526220000321,246.6711359000271,246.6711359000271,246.77067090001376,247.1712595999795,,247.67145109998248,247.67145109998248,249.67362580001074,250.67456050002667,vis2,4,0,vis,30.0,30.0,,0.0,False,True,False,False,False,True,False,False,True,False,False,False,False,False,True,False,False,False,False,True,True,False,False,False,False
257.3968879000256,257.3968879000256,258.89773019997824,258.8877301999782,258.99789810001107,259.3877301999782,,259.8985501999939,259.8985501999939,261.9170255999868,262.9179078000104,sound2,2,0,vis,31.0,31.0,,0.0,False,True,False,False,False,True,False,False,True,False,False,False,False,True,False,False,False,False,True,False,True,False,False,False,False
263.1849577000337,263.1849577000337,264.6860630000099,264.67606300000983,264.7861145000295,265.17606300000983,265.0702752000159,265.6869860999957,265.6869860999957,267.7054273000192,268.7064310999792,sound1,1,0,vis,32.0,32.0,,0.0,True,False,True,False,True,False,False,False,True,False,False,False,False,True,False,False,True,False,False,False,True,False,False,False,False
269.70726699999955,269.70726699999955,271.20878520003475,271.1987852000347,271.30881470000327,271.6987852000347,,272.20932490001155,272.20932490001155,274.2109585999949,275.2286809000159,sound2,2,0,vis,33.0,33.0,,0.0,False,True,False,False,False,True,False,False,True,False,False,False,False,True,False,False,False,False,True,False,True,False,False,False,False
276.2126292000264,276.2126292000264,277.71387069999196,277.71387069999196,277.8140020999797,278.2149821000146,,278.71473640000636,278.71473640000636,280.7164987999802,281.7179580000318,vis2,4,0,vis,34.0,34.0,,0.0,False,True,False,False,False,True,False,False,True,False,False,False,False,False,True,False,False,False,False,True,True,False,False,False,False
282.41792899999723,282.41792899999723,283.91925879999485,283.9092587999948,284.0193030000171,284.4092587999948,,284.92008459999647,284.92008459999647,286.9218727999921,287.92608529999575,sound1,1,0,vis,35.0,35.0,,0.0,False,True,False,False,False,True,False,False,True,False,False,False,False,True,False,False,True,False,False,False,True,False,False,False,False
288.4735945999944,288.4735945999944,289.9915385000147,289.98153850001466,290.09122980002735,290.48153850001466,,290.99237880001033,290.99237880001033,292.99386509997726,293.9945252999985,sound2,2,0,vis,36.0,36.0,,0.0,False,True,False,False,False,True,False,False,True,False,False,False,False,True,False,False,False,False,True,False,True,False,False,False,False
294.0782531999955,294.0782531999955,295.5808283999884,295.5808283999884,295.67960270000344,296.096433700013,,296.59680980002463,296.59680980002463,298.5986763000344,299.59956030001354,vis2,4,0,vis,37.0,37.0,,0.0,False,True,False,False,False,True,False,False,True,False,False,False,False,False,True,False,False,False,False,True,True,False,False,False,False
300.35016929999415,300.35016929999415,301.85129660002144,301.8412966000214,301.95136620000426,302.3412966000214,302.2183020000318,302.8523062000256,302.8523062000256,304.87053830002856,305.8714174000286,sound1,1,0,vis,38.0,38.0,,0.0,True,False,True,False,True,False,False,False,True,False,False,False,False,True,False,False,True,False,False,False,True,False,False,False,False
307.6400559999836,307.6400559999836,309.14118570002915,309.14118570002915,309.2410306999898,309.64181780001104,,310.1426930999821,310.1426930999821,312.1622669000151,313.1611750000245,vis2,4,0,vis,39.0,39.0,,0.0,False,True,False,False,False,True,False,False,True,False,False,False,False,False,True,False,False,False,False,True,True,False,False,False,False
313.39503989998207,313.39503989998207,314.8962713999879,314.8962713999879,314.9963457000065,315.39624719997823,,315.8971027000314,315.8971027000314,317.91554530000735,318.91589900002305,vis2,4,0,vis,40.0,40.0,,0.0,False,True,False,False,False,True,False,False,True,False,False,False,False,False,True,False,False,False,False,True,True,False,False,False,False
319.14947499999266,319.14947499999266,320.6511836000225,320.6511836000225,320.7508140999796,321.15120249999177,,321.65190389997747,321.65190389997747,323.653322900014,324.65516520001415,vis1,3,0,vis,41.0,41.0,,0.0,False,False,True,False,False,False,True,True,False,False,False,False,False,False,True,False,False,True,False,False,True,False,False,False,False
327.25675120001847,327.25675120001847,328.7578906000215,328.7578906000215,328.8580820000004,329.25820480002744,,329.75884849998124,329.75884849998124,331.7607357000322,332.7616053000181,vis1,3,0,vis,42.0,42.0,,0.0,False,False,True,False,False,False,True,True,False,False,False,False,False,False,True,False,False,True,False,False,True,False,False,False,False
336.9480831000344,336.9480831000344,338.44940460002704,338.439404600027,338.54974039999956,338.939404600027,,339.46686009999553,339.46686009999553,341.46867240000006,342.4696271999944,sound2,2,0,vis,43.0,43.0,,0.0,False,True,False,False,False,True,False,False,True,False,False,False,False,True,False,False,False,False,True,False,True,False,False,False,False
344.43782729999816,344.43782729999816,345.95583619998956,345.95583619998956,346.05589060003126,346.4565247999942,,346.9567874000147,346.9567874000147,348.9585858000298,349.95932000003245,vis1,3,0,vis,44.0,44.0,,0.0,False,False,True,False,False,False,True,True,False,False,False,False,False,False,True,False,False,True,False,False,True,False,False,False,False
350.40959429997906,350.40959429997906,351.91166440002576,351.91166440002576,352.011017200022,352.41188720003424,,352.92890340003373,352.92890340003373,354.93020529999353,355.93106029998467,vis2,4,0,vis,45.0,45.0,,0.0,False,True,False,False,False,True,False,False,True,False,False,False,False,False,True,False,False,False,False,True,True,False,False,False,False
357.64919350000287,357.64919350000287,359.16756410001267,359.16756410001267,359.2672233000137,359.6677343000281,,360.1680077000144,360.1680077000144,362.16969479999693,363.170553600017,vis2,4,0,vis,46.0,46.0,,0.0,False,True,False,False,False,True,False,False,True,False,False,False,False,False,True,False,False,False,False,True,True,False,False,False,False
364.53881080001315,364.53881080001315,366.039663399986,366.02966339998596,366.1398258999777,366.52966339998596,,367.0572426000233,367.0572426000233,369.0594026999986,370.0598833999918,sound2,2,0,vis,47.0,47.0,,0.0,False,True,False,False,False,True,False,False,True,False,False,False,False,True,False,False,False,False,True,False,True,False,False,False,False
370.8104882999994,370.8104882999994,372.311745200024,372.311745200024,372.41187349998813,372.8121596999788,,373.31278570003064,373.31278570003064,375.33123259998115,376.3322194999871,vis2,4,0,vis,48.0,48.0,,0.0,False,True,False,False,False,True,False,False,True,False,False,False,False,False,True,False,False,False,False,True,True,False,False,False,False
376.71587299998805,376.71587299998805,378.2168193000341,378.20681930003406,378.31693869998867,378.70681930003406,,379.21765459999165,379.21765459999165,381.23632590002103,382.2371928999871,sound1,1,0,vis,49.0,49.0,,0.0,False,True,False,False,False,True,False,False,True,False,False,False,False,True,False,False,True,False,False,False,True,False,False,False,False
383.1380699999952,383.1380699999952,384.63899690000994,384.6289969000099,384.73924010003407,385.1289969000099,,385.6398485000334,385.6398485000334,387.6417772999937,388.6592871000264,sound1,1,0,vis,50.0,50.0,,0.0,False,True,False,False,False,True,False,False,True,False,False,False,False,True,False,False,True,False,False,False,True,False,False,False,False
388.67582190002736,388.67582190002736,390.1771803000099,390.1671803000099,390.2773322999799,390.6671803000099,,391.17813050002746,391.17813050002746,393.1796646000091,394.180571499988,sound2,2,0,vis,51.0,51.0,,0.0,False,True,False,False,False,True,False,False,True,False,False,False,False,True,False,False,False,False,True,False,True,False,False,False,False
395.4982983000316,395.4982983000316,397.00021889998766,396.9902188999876,397.10005050002087,397.4902188999876,,398.0004837000249,398.0004837000249,400.00217330002647,401.0030669000205,sound2,2,0,vis,52.0,52.0,,0.0,False,True,False,False,False,True,False,False,True,False,False,False,False,True,False,False,False,False,True,False,True,False,False,False,False
401.4037594000199,401.4037594000199,402.921409500015,402.91140950001494,403.0216369999778,403.41140950001494,,403.9223958000164,403.9223958000164,405.92407110002546,406.9247975000269,sound1,1,0,vis,53.0,53.0,,0.0,False,True,False,False,False,True,False,False,True,False,False,False,False,True,False,False,True,False,False,False,True,False,False,False,False
407.79264280002985,407.79264280002985,409.31078260002846,409.31078260002846,409.4106979000005,409.8108047000221,409.9607625000151,410.31149880001044,410.31149880001044,412.3128453000188,413.31363070000384,vis1,3,0,vis,54.0,54.0,54.0,0.0,True,False,False,False,False,False,False,False,False,True,True,False,True,False,True,False,False,True,False,False,True,False,False,False,False
414.7982045000042,414.7982045000042,416.31640600000696,416.31640600000696,416.416494200015,416.8166581000057,416.800163000016,417.317397799992,417.317397799992,419.31914310001025,420.32005669998193,vis1,3,0,vis,55.0,55.0,,0.0,True,True,False,True,False,False,False,True,False,True,False,True,False,False,True,False,False,True,False,False,True,False,False,False,False
421.287499399981,421.287499399981,422.80509659998074,422.80509659998074,422.90513979999537,423.3058033000068,423.3889220000217,423.80599179998694,423.80599179998694,425.80768490001515,426.80854519998843,vis1,3,0,vis,56.0,56.0,,0.0,True,True,False,True,False,False,False,True,False,True,False,True,False,False,True,False,False,True,False,False,True,False,False,False,False
427.6759669000255,427.6759669000255,429.1944431000245,429.1944431000245,429.2944835000178,429.69450089999896,,430.1952026999877,430.1952026999877,432.19650730002627,433.1973395000184,vis1,3,0,vis,57.0,57.0,,0.0,False,False,True,False,False,False,True,True,False,False,False,False,False,False,True,False,False,True,False,False,True,False,False,False,False
434.19820669998603,434.19820669998603,435.7008894999833,435.7008894999833,435.79993659998013,436.21666600003095,436.15116010001816,436.71730169998204,436.71730169998204,438.71882040002106,439.71957690001886,vis1,3,0,vis,58.0,58.0,,0.0,True,True,False,True,False,False,False,True,False,True,False,True,False,False,True,False,False,True,False,False,True,False,False,False,False
441.5878602999817,441.5878602999817,443.1060245999922,443.1060245999922,443.20640700002855,443.6063026000136,,444.1066739999894,444.1066739999894,446.10859760002654,447.10964280001076,vis2,4,0,vis,59.0,59.0,,0.0,False,True,False,False,False,True,False,False,True,False,False,False,False,False,True,False,False,False,False,True,True,False,False,False,False
448.77737279999724,448.77737279999724,450.2795955999843,450.26959559998426,450.37879190001127,450.76959559998426,,451.29622800002994,451.29622800002994,453.29845870001895,454.2992244000286,sound2,2,0,vis,60.0,60.0,,0.0,False,True,False,False,False,True,False,False,True,False,False,False,False,True,False,False,False,False,True,False,True,False,False,False,False
454.43223190000003,454.43223190000003,455.9335013000034,455.9335013000034,456.0339194000205,456.4339217000031,,456.9348300999934,456.9348300999934,458.95279459999597,459.953628099998,vis2,4,0,vis,61.0,61.0,,0.0,False,True,False,False,False,True,False,False,True,False,False,False,False,False,True,False,False,False,False,True,True,False,False,False,False
462.0721976999864,462.0721976999864,463.5737793999813,463.56377939998123,463.6740260000313,464.06377939998123,463.9737693999866,464.574735299984,464.574735299984,466.5928509000312,467.5935377000221,sound2,2,0,vis,62.0,62.0,,0.0,True,False,True,False,True,False,False,False,True,False,False,False,False,True,False,False,False,False,True,False,True,False,False,False,False
470.82960649999745,470.82960649999745,472.347831300003,472.33783130000296,472.44788559998574,472.83783130000296,,473.3489518999793,473.3489518999793,475.3502354000318,476.3510672000209,sound1,1,0,vis,63.0,63.0,,0.0,False,True,False,False,False,True,False,False,True,False,False,False,False,True,False,False,True,False,False,False,True,False,False,False,False
476.88480449998474,476.88480449998474,478.3870402000118,478.3770402000118,478.50295160001565,478.8770402000118,,479.4036566999946,479.4036566999946,481.4055845000055,482.4064898000304,sound1,1,0,vis,64.0,64.0,,0.0,False,True,False,False,False,True,False,False,True,False,False,False,False,True,False,False,True,False,False,False,True,False,False,False,False
482.50654789998384,482.50654789998384,484.00759310002627,483.9975931000262,484.1076410000185,484.4975931000262,,485.008401000008,485.008401000008,487.02681309998457,488.0276599000297,sound1,1,0,vis,65.0,65.0,,0.0,False,True,False,False,False,True,False,False,True,False,False,False,False,True,False,False,True,False,False,False,True,False,False,False,False
488.19459999999685,488.19459999999685,489.6958223999916,489.68582239999154,489.7959042000091,490.18582239999154,,490.6967145000324,490.6967145000324,492.71540729999265,493.7159336999846,sound2,2,0,vis,66.0,66.0,,0.0,False,True,False,False,False,True,False,False,True,False,False,False,False,True,False,False,False,False,True,False,True,False,False,False,False
511.84855740000216,511.84855740000216,513.3661358000334,513.3561358000334,513.4662272000076,513.8561358000334,514.2170429999912,514.3670252999962,514.3670252999962,516.3690307000159,517.3697688999907,sound1,1,0,vis,67.0,67.0,,0.0,True,False,True,False,True,False,False,False,True,False,False,False,False,True,False,False,True,False,False,False,True,False,False,False,False
520.8392122000312,520.8392122000312,522.3404896999798,522.3304896999798,522.4407530999831,522.8304896999798,,523.3413776999894,523.3413776999894,525.3430838000002,526.3438235999872,sound1,1,0,vis,68.0,68.0,,0.0,False,True,False,False,False,True,False,False,True,False,False,False,False,True,False,False,True,False,False,False,True,False,False,False,False
528.2790821000324,528.2790821000324,529.780290399978,529.770290399978,529.8802685000207,530.270290399978,530.2639688000288,530.7810878999969,530.7810878999969,532.7827627000022,533.7837597000268,sound1,1,0,vis,69.0,69.0,,0.0,True,False,True,False,True,False,False,False,True,False,False,False,False,True,False,False,True,False,False,False,True,False,False,False,False
540.0723812999875,540.0723812999875,541.5905901999884,541.5905901999884,541.6906414000057,541.5905901999884,,542.5917036000262,542.5917036000262,544.5930709000183,545.5939214000334,catch,0,0,vis,,,,,False,True,False,False,False,False,False,False,False,False,False,False,False,False,False,True,False,False,False,False,True,False,False,False,False
546.5445867999895,546.5445867999895,548.0626516999998,548.0626516999998,548.1628872000235,548.0626516999998,,549.0636161000091,549.0636161000091,551.0651306000161,552.0660475000129,catch,0,0,vis,,,,,False,True,False,False,False,False,False,False,False,False,False,False,False,False,False,True,False,False,False,False,True,False,False,False,False
552.1827436999972,552.1827436999972,553.684091300014,553.674091300014,553.78418820003,554.174091300014,,554.7020555000142,554.7020555000142,556.7035124999909,557.7043530999888,sound2,2,0,vis,70.0,70.0,,0.0,False,True,False,False,False,True,False,False,True,False,False,False,False,True,False,False,False,False,True,False,True,False,False,False,False
558.0717195000123,558.0717195000123,559.5724298000075,559.5724298000075,559.6725117000258,560.0733973999829,,560.5732943000128,560.5732943000128,562.5921486999812,563.592795400016,vis2,4,0,vis,71.0,71.0,,0.0,False,True,False,False,False,True,False,False,True,False,False,False,False,False,True,False,False,False,False,True,True,False,False,False,False
563.959545600004,563.959545600004,565.4608514999943,565.4508514999943,565.5609533999902,565.9508514999943,,566.4617795000174,566.4617795000174,568.4646790999775,569.4811792000053,sound2,2,0,vis,72.0,72.0,,0.0,False,True,False,False,False,True,False,False,True,False,False,False,False,True,False,False,False,False,True,False,True,False,False,False,False
570.5489867000231,570.5489867000231,572.0500969999791,572.0400969999791,572.1501414000029,572.5400969999791,572.516829399983,573.0511168000028,573.0511168000028,575.0530092999777,576.0699104000321,sound1,1,0,vis,73.0,73.0,,0.0,True,False,True,False,True,False,False,False,True,False,False,False,False,True,False,False,True,False,False,False,True,False,False,False,False
579.5062157000154,579.5062157000154,581.0075749000041,581.0075749000041,581.1076202000347,581.507961199977,,582.0089223000193,582.0089223000193,584.0268002000028,585.027624499993,vis2,4,0,vis,74.0,74.0,,0.0,False,True,False,False,False,True,False,False,True,False,False,False,False,False,True,False,False,False,False,True,True,False,False,False,False
586.8457905000048,586.8457905000048,588.3476213000338,588.3476213000338,588.4471779000103,588.8479799000286,,589.3489810000262,589.3489810000262,591.3663915000013,592.3672560000066,vis1,3,0,vis,75.0,75.0,,0.0,False,False,True,False,False,False,True,True,False,False,False,False,False,False,True,False,False,True,False,False,True,False,False,False,False
592.8843538999879,592.8843538999879,594.3856138999779,594.3856138999779,594.4857604000224,594.8860699000159,,595.3864948999924,595.3864948999924,597.4049043000066,598.4059684000183,vis2,4,0,vis,76.0,76.0,,0.0,False,True,False,False,False,True,False,False,True,False,False,False,False,False,True,False,False,False,False,True,True,False,False,False,False
600.2573157000095,600.2573157000095,601.7586567999767,601.7586567999767,601.8587139999815,602.2596939000157,,602.760090000005,602.760090000005,604.7780782000134,605.7789333000053,vis1,3,0,vis,77.0,77.0,,0.0,False,False,True,False,False,False,True,True,False,False,False,False,False,False,True,False,False,True,False,False,True,False,False,False,False
605.7955214000046,605.7955214000046,607.2971731000086,607.2971731000086,607.3972151000141,607.7971542999819,,608.2975599999861,608.2975599999861,610.3160540000042,611.3170555000049,vis2,4,0,vis,78.0,78.0,,0.0,False,True,False,False,False,True,False,False,True,False,False,False,False,False,True,False,False,False,False,True,True,False,False,False,False
612.4515579000088,612.4515579000088,613.9525870999876,613.9425870999876,614.0530024999841,614.4425870999876,,614.9537544000284,614.9537544000284,616.9721468000296,617.9725775999921,sound2,2,0,vis,79.0,79.0,,0.0,False,True,False,False,False,True,False,False,True,False,False,False,False,True,False,False,False,False,True,False,True,False,False,False,False
618.2396679000319,618.2396679000319,619.740753400032,619.740753400032,619.8408573999857,620.2411432000315,,620.7420582000138,620.7420582000138,622.743706499992,623.7446218999773,vis2,4,0,vis,80.0,80.0,,0.0,False,True,False,False,False,True,False,False,True,False,False,False,False,False,True,False,False,False,False,True,True,False,False,False,False
623.8443180000265,623.8443180000265,625.3459983000155,625.3459983000155,625.445649400013,625.8459940999835,,626.3466841999996,626.3466841999996,628.3481515999972,629.3489852,vis1,3,0,vis,81.0,81.0,,0.0,False,False,True,False,False,False,True,True,False,False,False,False,False,False,True,False,False,True,False,False,True,False,False,False,False
630.4510087000178,630.4510087000178,631.9679080000003,631.9679080000003,632.0680086999871,632.4685852000346,,632.9687364000217,632.9687364000217,634.9704716000213,635.9713509000228,vis1,3,0,vis,82.0,82.0,,0.0,False,False,True,False,False,False,True,True,False,False,False,False,False,False,True,False,False,True,False,False,True,False,False,False,False
639.2910270000082,639.2910270000082,640.792165200002,640.782165200002,640.8922545000185,641.282165200002,,641.7930155000156,641.7930155000156,643.794743300017,644.8126744999988,sound2,2,0,vis,83.0,83.0,,0.0,False,True,False,False,False,True,False,False,True,False,False,False,False,True,False,False,False,False,True,False,True,False,False,False,False
645.6965883000028,645.6965883000028,647.1976367000113,647.1976367000113,647.2977102000239,647.6982907999861,647.8318538999972,648.1984679999966,648.1984679999966,650.2006384999929,651.2025854000328,vis1,3,0,vis,84.0,84.0,,0.0,True,True,False,True,False,False,False,True,False,True,False,True,False,False,True,False,False,True,False,False,True,False,False,False,False
651.3512018999988,651.3512018999988,652.8524679999771,652.8424679999771,652.9525847000275,653.3424679999771,,653.8533166999784,653.8533166999784,655.8552727000294,656.8559767999775,sound1,1,0,vis,85.0,85.0,,0.0,False,True,False,False,False,True,False,False,True,False,False,False,False,True,False,False,True,False,False,False,True,False,False,False,False
656.9562586000045,656.9562586000045,658.474155600017,658.474155600017,658.5742430000189,658.9744321000269,,659.4747955,659.4747955,661.4767519999966,662.477873799982,vis2,4,0,vis,86.0,86.0,,0.0,False,True,False,False,False,True,False,False,True,False,False,False,False,False,True,False,False,False,False,True,True,False,False,False,False
666.4642122000312,666.4642122000312,667.9657049999894,667.9657049999894,668.0658110000165,668.4659762000172,,668.9665738000274,668.9665738000274,670.9680138999918,671.9858429000103,vis1,3,0,vis,87.0,87.0,,0.0,False,False,True,False,False,False,True,True,False,False,False,False,False,False,True,False,False,True,False,False,True,False,False,False,False
672.0527051999904,672.0527051999904,673.5540361999972,673.5440361999972,673.6537312999806,674.0440361999972,,674.5548688999932,674.5548688999932,676.5562472000108,677.5570186000057,sound1,1,0,vis,88.0,88.0,,0.0,False,True,False,False,False,True,False,False,True,False,False,False,False,True,False,False,True,False,False,False,True,False,False,False,False
678.2752908999771,678.2752908999771,679.7927495000274,679.7927495000274,679.8923312000204,680.2927368999897,,680.7934056000174,680.7934056000174,682.7949385999907,683.7962070999872,vis2,4,0,vis,89.0,89.0,,0.0,False,True,False,False,False,True,False,False,True,False,False,False,False,False,True,False,False,False,False,True,True,False,False,False,False
687.465562200008,687.465562200008,688.9672592000077,688.9572592000077,689.0674134999952,689.4572592000077,,689.9680527999969,689.9680527999969,691.9697521000141,692.9869726999984,sound2,2,0,vis,90.0,90.0,,0.0,False,True,False,False,False,True,False,False,True,False,False,False,False,True,False,False,False,False,True,False,True,False,False,False,False
695.222145800022,695.222145800022,696.7239711000091,696.7139711000091,696.8239657000029,697.2139711000091,,697.7248007999822,697.7248007999822,699.7426922000102,700.743559299977,sound2,2,0,vis,91.0,91.0,,0.0,False,True,False,False,False,True,False,False,True,False,False,False,False,True,False,False,False,False,True,False,True,False,False,False,False
701.8950339999953,701.8950339999953,703.3959322000244,703.3859322000244,703.4960748999817,703.8859322000244,,704.3967900999794,704.3967900999794,706.3997980000074,707.4165316000087,sound2,2,0,vis,92.0,92.0,,0.0,False,True,False,False,False,True,False,False,True,False,False,False,False,True,False,False,False,False,True,False,True,False,False,False,False
715.3063019000199,715.3063019000199,716.8073840999948,716.7973840999948,716.9075070000342,717.2973840999948,,717.8082121000132,717.8082121000132,719.8103231000221,720.8278975000228,sound2,2,0,vis,93.0,93.0,,0.0,False,True,False,False,False,True,False,False,True,False,False,False,False,True,False,False,False,False,True,False,True,False,False,False,False
721.4615606999812,721.4615606999812,722.9626304999781,722.9626304999781,723.0627419999889,722.9626304999781,,723.9636008000323,723.9636008000323,725.9652097000014,726.9830412999816,catch,0,0,vis,,,,,False,True,False,False,False,False,False,False,False,False,False,False,False,False,False,True,False,False,False,False,True,False,False,False,False
729.0848649999914,729.0848649999914,730.58607129998,730.58607129998,730.6864924000199,731.0862939999877,,731.5868780000108,731.5868780000108,733.5896133000003,734.606212900029,vis2,4,0,vis,94.0,94.0,,0.0,False,True,False,False,False,True,False,False,True,False,False,False,False,False,True,False,False,False,False,True,True,False,False,False,False
734.739661599984,734.739661599984,736.2412264000247,736.2412264000247,736.34082500003,736.74119520002,,737.2415845000157,737.2415845000157,739.2432882000082,740.2448454999919,vis1,3,0,vis,95.0,95.0,,0.0,False,False,True,False,False,False,True,True,False,False,False,False,False,False,True,False,False,True,False,False,True,False,False,False,False
740.7946997999768,740.7946997999768,742.2958891000105,742.2958891000105,742.3959776000208,742.7970584000084,,743.2967408999773,743.2967408999773,745.2988136999863,746.2993223000174,vis1,3,0,vis,96.0,96.0,,0.0,False,False,True,False,False,False,True,True,False,False,False,False,False,False,True,False,False,True,False,False,True,False,False,False,False
746.5500014000079,746.5500014000079,748.068066000016,748.058066000016,748.1675922999946,748.558066000016,,749.0687935000258,749.0687935000258,751.0701097999788,752.0709669999867,sound1,1,0,vis,97.0,97.0,,0.0,False,True,False,False,False,True,False,False,True,False,False,False,False,True,False,False,True,False,False,False,True,False,False,False,False
753.8895463000024,753.8895463000024,755.4076133000287,755.4076133000287,755.5072224999983,755.9077832999844,,756.4080021000207,756.4080021000207,758.4097626999808,759.4106007000171,vis1,3,0,vis,98.0,98.0,,0.0,False,False,True,False,False,False,True,True,False,False,False,False,False,False,True,False,False,True,False,False,True,False,False,False,False
759.7447022000067,759.7447022000067,761.2622007000116,761.2622007000116,761.3624714000123,761.7631514000329,,762.2632260000189,762.2632260000189,764.2651190999984,765.2656186000183,vis1,3,0,vis,99.0,99.0,,0.0,False,False,True,False,False,False,True,True,False,False,False,False,False,False,True,False,False,True,False,False,True,False,False,False,False
766.4353756000144,766.4353756000144,767.951761699989,767.941761699989,768.0513822999872,768.441761699989,768.5853671000311,768.952580699997,768.952580699997,770.9538152000257,771.9546568000312,sound2,2,0,vis,100.0,100.0,,0.0,True,False,True,False,True,False,False,False,True,False,False,False,False,True,False,False,False,False,True,False,True,False,False,False,False
773.4562952999929,773.4562952999929,774.9741578000337,774.9641578000337,775.0742285000249,775.4641578000337,,775.9753909999943,775.9753909999943,777.9765651000287,778.9774162999909,sound1,1,0,vis,101.0,101.0,,0.0,False,True,False,False,False,True,False,False,True,False,False,False,False,True,False,False,True,False,False,False,True,False,False,False,False
780.4285278000259,780.4285278000259,781.9468093999983,781.9468093999983,782.0469987000195,782.4469956000191,,782.9476911000181,782.9476911000181,784.9496709000175,785.9504010999897,vis2,4,0,vis,102.0,102.0,,0.0,False,True,False,False,False,True,False,False,True,False,False,False,False,False,True,False,False,False,False,True,True,False,False,False,False
786.2836063000229,786.2836063000229,787.7864195000236,787.7764195000236,787.9017722000224,788.2764195000236,,788.8025364999864,788.8025364999864,790.8042344999938,791.8050639000228,sound1,1,0,vis,103.0,103.0,,0.0,False,True,False,False,False,True,False,False,True,False,False,False,False,True,False,False,True,False,False,False,True,False,False,False,False
795.7422937000026,795.7422937000026,797.2430601000176,797.2430601000176,797.3433575999895,797.7435097000068,,798.2439113999806,798.2439113999806,800.2456252999925,801.2475918000071,vis2,4,0,vis,104.0,104.0,,0.0,False,True,False,False,False,True,False,False,True,False,False,False,False,False,True,False,False,False,False,True,True,False,False,False,False
801.6635005999794,801.6635005999794,803.1652185000219,803.1552185000219,803.2649212000049,803.6552185000219,,804.1656912000124,804.1656912000124,806.1674876000122,807.1685833000317,sound1,1,0,vis,105.0,105.0,,0.0,False,True,False,False,False,True,False,False,True,False,False,False,False,True,False,False,True,False,False,False,True,False,False,False,False
808.8363096999908,808.8363096999908,810.3381011000108,810.3381011000108,810.4377305000178,810.3381011000108,,811.338660600022,811.338660600022,813.3406912000007,814.3410109999911,catch,0,0,vis,,,,,False,True,False,False,False,False,False,False,False,False,False,False,False,False,False,True,False,False,False,False,True,False,False,False,False
814.4752664999776,814.4752664999776,815.9925102000213,815.9825102000214,816.0925443000249,816.4825102000214,816.4931123000076,816.9938207999892,816.9938207999892,818.9950603999985,819.9959381999886,sound1,1,0,vis,106.0,106.0,,0.0,True,False,True,False,True,False,False,False,True,False,False,False,False,True,False,False,True,False,False,False,True,False,False,False,False
820.4629843999953,820.4629843999953,821.9809467999819,821.9809467999819,822.0810153000145,822.4815882999771,,822.9817942000316,822.9817942000316,824.9835147999781,825.9843671000069,vis1,3,0,vis,107.0,107.0,,0.0,False,False,True,False,False,False,True,True,False,False,False,False,False,False,True,False,False,True,False,False,True,False,False,False,False
826.4681572999777,826.4681572999777,827.9696485999827,827.9596485999828,828.0699131999952,828.4596485999828,828.4705142999971,828.9870496000019,828.9870496000019,830.9886683999882,831.9895614999784,sound1,1,0,vis,108.0,108.0,,0.0,True,False,True,False,True,False,False,False,True,False,False,False,False,True,False,False,True,False,False,False,True,False,False,False,False
832.3064563000314,832.3064563000314,833.8077790000332,833.8077790000332,833.9078991999938,833.8077790000332,,834.8086524999906,834.8086524999906,836.827413700006,837.8283644000273,catch,0,0,vis,,,,,False,True,False,False,False,False,False,False,False,False,False,False,False,False,False,True,False,False,False,False,True,False,False,False,False
840.2800166999893,840.2800166999893,841.7828893999774,841.7828893999774,841.8816633999902,842.2827294999822,,842.7990638000281,842.7990638000281,844.8005454000174,845.8013858000138,vis1,3,0,vis,109.0,109.0,,0.0,False,False,True,False,False,False,True,True,False,False,False,False,False,False,True,False,False,True,False,False,True,False,False,False,False
846.1018282999955,846.1018282999955,847.6033801999963,847.5933801999963,847.7030973000308,848.0933801999963,848.1534504999961,848.6037973000291,848.6037973000291,850.6224160000072,851.623328800031,sound2,2,0,vis,110.0,110.0,,0.0,True,False,True,False,True,False,False,False,True,False,False,False,False,True,False,False,False,False,True,False,True,False,False,False,False
853.3245168000083,853.3245168000083,854.8261873999816,854.8261873999816,854.9263527999954,855.3262756000129,,855.8272891999893,855.8272891999893,857.8455097000203,858.8459289000109,vis1,3,0,vis,111.0,111.0,,0.0,False,False,True,False,False,False,True,True,False,False,False,False,False,False,True,False,False,True,False,False,True,False,False,False,False
860.0974752000272,860.0974752000272,861.5988716000081,861.5988716000081,861.6984843000043,862.098770099992,,862.5995809999965,862.5995809999965,864.6178646999849,865.6188038000344,vis2,4,0,vis,112.0,112.0,,0.0,False,True,False,False,False,True,False,False,True,False,False,False,False,False,True,False,False,False,False,True,True,False,False,False,False
866.252438300007,866.252438300007,867.7535605999963,867.7435605999963,867.8536456999807,868.2435605999963,,868.7544434000245,868.7544434000245,870.7732432999853,871.7737138000173,sound2,2,0,vis,113.0,113.0,,0.0,False,True,False,False,False,True,False,False,True,False,False,False,False,True,False,False,False,False,True,False,True,False,False,False,False
872.7249506000169,872.7249506000169,874.2258014999768,874.2258014999768,874.3258483000188,874.2258014999768,,875.226686400021,875.226686400021,877.2450644000289,878.2461202999782,catch,0,0,vis,,,,,False,True,False,False,False,False,False,False,False,False,False,False,False,False,False,True,False,False,False,False,True,False,False,False,False
879.1633393000318,879.1633393000318,880.6649643000071,880.6549643000071,880.7652498000041,881.1549643000071,,881.6655106999767,881.6655106999767,883.6839076000122,884.685013899996,sound1,1,0,vis,114.0,114.0,,0.0,False,True,False,False,False,True,False,False,True,False,False,False,False,True,False,False,True,False,False,False,True,False,False,False,False
885.7192642000243,885.7192642000243,887.2202664000304,887.2202664000304,887.3203563999939,887.7208935000324,,888.2211520000217,888.2211520000217,890.2397402000004,891.2406068000216,vis2,4,0,vis,115.0,115.0,,0.0,False,True,False,False,False,True,False,False,True,False,False,False,False,False,True,False,False,False,False,True,True,False,False,False,False
892.0411063000299,892.0411063000299,893.542576799993,893.542576799993,893.6425948999911,894.0427701000096,,894.5433600000194,894.5433600000194,896.5449208000298,897.5625784000238,vis2,4,0,vis,116.0,116.0,,0.0,False,True,False,False,False,True,False,False,True,False,False,False,False,False,True,False,False,False,False,True,True,False,False,False,False
908.488931300011,908.488931300011,910.006732699994,910.006732699994,910.1068638999802,910.5073717000284,910.1068638999802,911.0075265999856,911.0075265999856,913.0094347000211,914.01026910003,vis1,3,0,vis,117.0,117.0,,0.0,True,True,False,True,False,False,False,True,False,True,False,True,False,False,True,False,False,True,False,False,True,False,False,False,False
914.2434605999822,914.2434605999822,915.7452254000325,915.7452254000325,915.8447497999966,916.2455875999965,,916.7625901000081,916.7625901000081,918.764211600015,919.7651158000315,vis2,4,0,vis,118.0,118.0,,0.0,False,True,False,False,False,True,False,False,True,False,False,False,False,False,True,False,False,False,False,True,True,False,False,False,False
920.1151935000178,920.1151935000178,921.6169003000339,921.6069003000339,921.7165793000111,922.1069003000339,922.0334422999965,922.6172286000308,922.6172286000308,924.6356901999768,925.6365482999915,sound1,1,0,vis,119.0,119.0,,0.0,True,False,True,False,True,False,False,False,True,False,False,False,False,True,False,False,True,False,False,False,True,False,False,False,False
925.6535483999849,925.6535483999849,927.1545580999898,927.1445580999898,927.2546503000283,927.6445580999898,,928.1553972000345,928.1553972000345,930.1740342999781,931.175171300021,sound2,2,0,vis,120.0,120.0,,0.0,False,True,False,False,False,True,False,False,True,False,False,False,False,True,False,False,False,False,True,False,True,False,False,False,False
931.3748250000151,931.3748250000151,932.8763226000099,932.8663226000099,932.9763782000025,933.3663226000099,,933.8769498000127,933.8769498000127,935.8791592000141,936.8965281000217,sound2,2,0,vis,121.0,121.0,,0.0,False,True,False,False,False,True,False,False,True,False,False,False,False,True,False,False,False,False,True,False,True,False,False,False,False
938.3479319000123,938.3479319000123,939.8492443999946,939.8392443999946,939.9492998999865,940.3392443999946,,940.8496371000163,940.8496371000163,942.8517283999915,943.8690660999944,sound2,2,0,vis,122.0,122.0,,0.0,False,True,False,False,False,True,False,False,True,False,False,False,False,True,False,False,False,False,True,False,True,False,False,False,False
945.7871755000176,945.7871755000176,947.2885213000206,947.2885213000206,947.3888674000134,947.2885213000206,,948.2896468000342,948.2896468000342,950.3082561999997,951.3085650000228,catch,0,0,vis,,,,,False,True,False,False,False,False,False,False,False,False,False,False,False,False,False,True,False,False,False,False,True,False,False,False,False
951.4253457000102,951.4253457000102,952.9268812000025,952.9268812000025,953.0267033000216,953.4270291000228,953.6940098999855,953.9276905999957,953.9276905999957,955.9460698000128,956.9470358999768,vis1,3,0,vis,123.0,123.0,,0.0,True,True,False,True,False,False,False,True,False,True,False,True,False,False,True,False,False,True,False,False,True,False,False,False,False
957.2806655999827,957.2806655999827,958.7816481000134,958.7816481000134,958.8819450999815,959.2825140000293,,959.7825753000304,959.7825753000304,961.7842739999849,962.7862201000187,vis2,4,0,vis,124.0,124.0,,0.0,False,True,False,False,False,True,False,False,True,False,False,False,False,False,True,False,False,False,False,True,True,False,False,False,False
964.2196858000332,964.2196858000332,965.7211854999857,965.7211854999857,965.8212303000125,966.221368599983,,966.7220002000192,966.7220002000192,968.7235955000012,969.7249938999973,vis2,4,0,vis,125.0,125.0,,0.0,False,True,False,False,False,True,False,False,True,False,False,False,False,False,True,False,False,False,False,True,True,False,False,False,False
971.3428764999933,971.3428764999933,972.8439267000156,972.8339267000156,972.9443245999953,973.3339267000156,,973.8450731000137,973.8450731000137,975.846359100027,976.8640419999808,sound1,1,0,vis,126.0,126.0,,0.0,False,True,False,False,False,True,False,False,True,False,False,False,False,True,False,False,True,False,False,False,True,False,False,False,False
976.8974851000328,976.8974851000328,978.398527799998,978.398527799998,978.4986216999912,978.899381999983,,979.3993829999906,979.3993829999906,981.4180554000284,982.41903910001,vis2,4,0,vis,127.0,127.0,,0.0,False,True,False,False,False,True,False,False,True,False,False,False,False,False,True,False,False,False,False,True,True,False,False,False,False
982.7357097999864,982.7357097999864,984.2540504000006,984.2440504000006,984.3540729000322,984.7440504000006,,985.2548907999969,985.2548907999969,987.2731260000235,988.2740957000149,sound1,1,0,vis,128.0,128.0,,0.0,False,True,False,False,False,True,False,False,True,False,False,False,False,True,False,False,True,False,False,False,True,False,False,False,False
989.9255133000058,989.9255133000058,991.443304300026,991.4333043000261,991.5433010999784,991.9333043000261,991.9269942999906,992.4439767000238,992.4439767000238,994.4623076000223,995.463165300034,sound1,1,0,vis,129.0,129.0,,0.0,True,False,True,False,True,False,False,False,True,False,False,False,False,True,False,False,True,False,False,False,True,False,False,False,False
995.9304126000004,995.9304126000004,997.4484807999777,997.4484807999777,997.5487834999892,997.9486122999895,,998.4490420000018,998.4490420000018,1000.450785200004,1001.4688225999796,vis2,4,0,vis,130.0,130.0,,0.0,False,True,False,False,False,True,False,False,True,False,False,False,False,False,True,False,False,False,False,True,True,False,False,False,False
1005.5552435999941,1005.5552435999941,1007.0566736999988,1007.0466736999988,1007.1568316000137,1007.5466736999988,,1008.0574909999939,1008.0574909999939,1010.0757343000239,1011.0765970000155,sound2,2,0,vis,131.0,131.0,,0.0,False,True,False,False,False,True,False,False,True,False,False,False,False,True,False,False,False,False,True,False,True,False,False,False,False
1011.7605264000101,1011.7605264000101,1013.2789655000176,1013.2689655000177,1013.3785551000126,1013.7689655000177,1013.6625471999957,1014.2792844000012,1014.2792844000012,1016.2977059999919,1017.298756700018,sound1,1,0,vis,132.0,132.0,,0.0,True,False,True,False,True,False,False,False,True,False,False,False,False,True,False,False,True,False,False,False,True,False,False,False,False
1017.4487053999999,1017.4487053999999,1018.9500029999851,1018.9400029999852,1019.0499582000282,1019.4400029999852,,1019.9677122000228,1019.9677122000228,1021.9692296999945,1022.9703636000138,sound2,2,0,vis,133.0,133.0,,0.0,False,True,False,False,False,True,False,False,True,False,False,False,False,True,False,False,False,False,True,False,True,False,False,False,False
1023.5544426000067,1023.5544426000067,1025.055605100011,1025.055605100011,1025.1553177000112,1025.5556405999903,,1026.0565152000142,1026.0565152000142,1028.074825700032,1029.0754754000316,vis2,4,0,vis,134.0,134.0,,0.0,False,True,False,False,False,True,False,False,True,False,False,False,False,False,True,False,False,False,False,True,True,False,False,False,False
1029.7264009000007,1029.7264009000007,1031.2438452000004,1031.2338452000004,1031.3439749000333,1031.7338452000004,,1032.2448788000127,1032.2448788000127,1034.2634598999955,1035.2641881000106,sound2,2,0,vis,135.0,135.0,,0.0,False,True,False,False,False,True,False,False,True,False,False,False,False,True,False,False,False,False,True,False,True,False,False,False,False
1035.464639200023,1035.464639200023,1036.9654165000045,1036.9554165000045,1037.0654804000021,1037.4554165000045,,1037.9834474999896,1037.9834474999896,1039.984675500027,1040.9859348000116,sound2,2,0,vis,136.0,136.0,,0.0,False,True,False,False,False,True,False,False,True,False,False,False,False,True,False,False,False,False,True,False,True,False,False,False,False
1041.0692108000019,1041.0692108000019,1042.570251100007,1042.570251100007,1042.670367499997,1043.0709878000287,1043.2378816999933,1043.5711814999902,1043.5711814999902,1045.5900643000002,1046.5903567000148,vis1,3,0,vis,137.0,137.0,,0.0,True,True,False,True,False,False,False,True,False,True,False,True,False,False,True,False,False,True,False,False,True,False,False,False,False
1047.4577589000198,1047.4577589000198,1048.9759164999793,1048.9759164999793,1049.0760568999774,1049.4761591000222,1049.526499199981,1049.9767429999863,1049.9767429999863,1051.994966899985,1052.9959262000136,vis1,3,0,vis,138.0,138.0,,0.0,True,True,False,True,False,False,False,True,False,True,False,True,False,False,True,False,False,True,False,False,True,False,False,False,False
1055.097883899996,1055.097883899996,1056.6158333,1056.6058333,1056.7160019999808,1057.1058333,,1057.6166868999806,1057.6166868999806,1059.634923000014,1060.635721599983,sound2,2,0,vis,139.0,139.0,,0.0,False,True,False,False,False,True,False,False,True,False,False,False,False,True,False,False,False,False,True,False,True,False,False,False,False
1060.7196595000075,1060.7196595000075,1062.2375090000075,1062.2375090000075,1062.3376534999786,1062.7377884999821,1062.9877483000253,1063.237982600005,1063.237982600005,1065.2396606000345,1066.25770060003,vis1,3,0,vis,140.0,140.0,,0.0,True,True,False,True,False,False,False,True,False,True,False,True,False,False,True,False,False,True,False,False,True,False,False,False,False
1067.1081798999892,1067.1081798999892,1068.6092502999907,1068.5992502999907,1068.709354500004,1069.0992502999907,1068.709354500004,1069.6109785999959,1069.6109785999959,1071.6285682999967,1072.6293681000332,sound1,1,0,vis,141.0,141.0,,0.0,True,False,True,False,True,False,False,False,True,False,False,False,False,True,False,False,True,False,False,False,True,False,False,False,False
1081.453826199993,1081.453826199993,1082.9556458999957,1082.9556458999957,1083.0553877999862,1083.455311300009,,1083.9725361000253,1083.9725361000253,1085.9745690000216,1086.9750624999958,vis2,4,0,vis,142.0,142.0,,0.0,False,True,False,False,False,True,False,False,True,False,False,False,False,False,True,False,False,False,False,True,True,False,False,False,False
1087.7091222999823,1087.7091222999823,1089.2104651000207,1089.2104651000207,1089.310530000026,1089.7106896999846,1089.7106896999846,1090.2111273999997,1090.2111273999997,1092.2299664000254,1093.230358599985,vis1,3,0,vis,143.0,143.0,,0.0,True,True,False,True,False,False,False,True,False,True,False,True,False,False,True,False,False,True,False,False,True,False,False,False,False
1094.3654327999773,1094.3654327999773,1095.8826273999964,1095.8826273999964,1095.9827115000314,1096.3832846999956,1096.3330197000266,1096.8834925000062,1096.8834925000062,1098.90248649999,1099.9028328000074,vis1,3,0,vis,144.0,144.0,,0.0,True,True,False,True,False,False,False,True,False,True,False,True,False,False,True,False,False,True,False,False,True,False,False,False,False
1104.1564763999866,1104.1564763999866,1105.6747660000199,1105.6747660000199,1105.774662700025,1106.1748026000075,1106.108061100016,1106.6756013999782,1106.6756013999782,1108.6780554999802,1109.6947005000054,vis1,3,0,vis,145.0,145.0,,0.0,True,True,False,True,False,False,False,True,False,True,False,True,False,False,True,False,False,True,False,False,True,False,False,False,False
1111.1127933000187,1111.1127933000187,1112.6303825000157,1112.6203825000157,1112.7304700000184,1113.1203825000157,1112.9641852000002,1113.6312488000347,1113.6312488000347,1115.6336032999768,1116.650487900022,sound2,2,0,vis,146.0,146.0,,0.0,True,False,True,False,True,False,False,False,True,False,False,False,False,True,False,False,False,False,True,False,True,False,False,False,False
1116.7505361000165,1116.7505361000165,1118.2518040000084,1118.2518040000084,1118.3519061000059,1118.7523031000253,1118.819006000014,1119.25358269999,1119.25358269999,1121.271126299989,1122.2719724000287,vis1,3,0,vis,147.0,147.0,,0.0,True,True,False,True,False,False,False,True,False,True,False,True,False,False,True,False,False,True,False,False,True,False,False,False,False
1122.7229355999823,1122.7229355999823,1124.2405750000123,1124.2405750000123,1124.3407597999992,1124.7407457000315,,1125.2414899999947,1125.2414899999947,1127.259807700009,1128.2608381999978,vis2,4,0,vis,148.0,148.0,,0.0,False,True,False,False,False,True,False,False,True,False,False,False,False,False,True,False,False,False,False,True,True,False,False,False,False
1131.7968582999981,1131.7968582999981,1133.3148061999907,1133.3148061999907,1133.4148721000035,1133.8152100999812,,1134.3161932000164,1134.3161932000164,1136.3173549000146,1137.3351414000006,vis2,4,0,vis,149.0,149.0,,0.0,False,True,False,False,False,True,False,False,True,False,False,False,False,False,True,False,False,False,False,True,True,False,False,False,False
1137.835350100018,1137.835350100018,1139.33677589999,1139.32677589999,1139.437158900031,1139.82677589999,,1140.337392300027,1140.337392300027,1142.3560814000173,1143.3567138000014,sound1,1,0,vis,150.0,150.0,,0.0,False,True,False,False,False,True,False,False,True,False,False,False,False,True,False,False,True,False,False,False,True,False,False,False,False
1143.823842099993,1143.823842099993,1145.342236300008,1145.342236300008,1145.4422971999827,1145.8421922000214,1145.9257876999998,1146.3430111000287,1146.3430111000287,1148.3610591000268,1149.3619532000246,vis1,3,0,vis,151.0,151.0,,0.0,True,True,False,True,False,False,False,True,False,True,False,True,False,False,True,False,False,True,False,False,True,False,False,False,False
1153.482499399988,1153.482499399988,1155.0003102999851,1154.9903102999851,1155.100401500016,1155.4903102999851,,1156.00125119999,1156.00125119999,1158.002612399994,1159.0201509000124,sound1,1,0,vis,152.0,152.0,,0.0,False,True,False,False,False,True,False,False,True,False,False,False,False,True,False,False,True,False,False,False,True,False,False,False,False
1161.840216099992,1161.840216099992,1163.357263199994,1163.347263199994,1163.4572585999938,1163.847263199994,1163.6908704000032,1164.3580755000091,1164.3580755000091,1166.3767722999999,1167.3778469000333,sound1,1,0,vis,153.0,153.0,,0.0,True,False,True,False,True,False,False,False,True,False,False,False,False,True,False,False,True,False,False,False,True,False,False,False,False
1167.6276007000213,1167.6276007000213,1169.1457601999953,1169.1457601999953,1169.2457585000172,1169.1457601999953,,1170.1465924999882,1170.1465924999882,1172.1480116000255,1173.1656037999871,catch,0,0,vis,,,,,False,True,False,False,False,False,False,False,False,False,False,False,False,False,False,True,False,False,False,False,True,False,False,False,False
1174.3833595999838,1174.3833595999838,1175.8848483000272,1175.8748483000272,1175.985554200024,1176.3748483000272,,1176.9025966000133,1176.9025966000133,1178.9038979000268,1179.921682199996,sound2,2,0,vis,154.0,154.0,,0.0,False,True,False,False,False,True,False,False,True,False,False,False,False,True,False,False,False,False,True,False,True,False,False,False,False
1180.6558044999927,1180.6558044999927,1182.1567103000214,1182.1567103000214,1182.2567343000062,1182.6571707000346,,1183.157932700016,1183.157932700016,1185.1759771999875,1186.176813000007,vis2,4,0,vis,155.0,155.0,,0.0,False,True,False,False,False,True,False,False,True,False,False,False,False,False,True,False,False,False,False,True,True,False,False,False,False
1186.693975300013,1186.693975300013,1188.1951916000196,1188.1851916000196,1188.295388999986,1188.6851916000196,,1189.1960647000321,1189.1960647000321,1191.214821100011,1192.2153320000014,sound2,2,0,vis,156.0,156.0,,0.0,False,True,False,False,False,True,False,False,True,False,False,False,False,True,False,False,False,False,True,False,True,False,False,False,False
1192.3325242999797,1192.3325242999797,1193.850077299992,1193.8400772999921,1193.9501934999805,1194.3400772999921,,1194.8508929000325,1194.8508929000325,1196.8525913999854,1197.870734100006,sound2,2,0,vis,157.0,157.0,,0.0,False,True,False,False,False,True,False,False,True,False,False,False,False,True,False,False,False,False,True,False,True,False,False,False,False
1198.75444280002,1198.75444280002,1200.256303299984,1200.256303299984,1200.3556025999803,1200.773303899981,,1201.273152299991,1201.273152299991,1203.274807700023,1204.2761105999905,vis1,3,0,vis,158.0,158.0,,0.0,False,False,True,False,False,False,True,True,False,False,False,False,False,False,True,False,False,True,False,False,True,False,False,False,False
1204.8430439999881,1204.8430439999881,1206.3441068999907,1206.3441068999907,1206.4443558,1206.844540400032,,1207.3449625999872,1207.3449625999872,1209.3633763999767,1210.3642462000223,vis1,3,0,vis,159.0,159.0,,0.0,False,False,True,False,False,False,True,True,False,False,False,False,False,False,True,False,False,True,False,False,True,False,False,False,False
1210.9647258999846,1210.9647258999846,1212.482860400001,1212.472860400001,1212.5829992999877,1212.972860400001,,1213.4838299999917,1213.4838299999917,1215.5025601000032,1216.5030745000201,sound1,1,0,vis,160.0,160.0,,0.0,False,True,False,False,False,True,False,False,True,False,False,False,False,True,False,False,True,False,False,False,True,False,False,False,False
1218.6046680000234,1218.6046680000234,1220.1063206999768,1220.0963206999768,1220.2063513000119,1220.5963206999768,,1221.106876900021,1221.106876900021,1223.1252583999974,1224.1259940000107,sound2,2,0,vis,161.0,161.0,,0.0,False,True,False,False,False,True,False,False,True,False,False,False,False,True,False,False,False,False,True,False,True,False,False,False,False
1224.5434593000189,1224.5434593000189,1226.0614777000244,1226.0614777000244,1226.1614866000107,1226.561466199995,,1227.0620885000187,1227.0620885000187,1229.0803964000168,1230.081433699999,vis2,4,0,vis,162.0,162.0,,0.0,False,True,False,False,False,True,False,False,True,False,False,False,False,False,True,False,False,False,False,True,True,False,False,False,False
1231.2490178999813,1231.2490178999813,1232.7667689999887,1232.7567689999887,1232.8669132000157,1233.2567689999887,1233.1838456000057,1233.7678145000334,1233.7678145000334,1235.7695776000126,1236.786929500007,sound1,1,0,vis,163.0,163.0,,0.0,True,False,True,False,True,False,False,False,True,False,False,False,False,True,False,False,True,False,False,False,True,False,False,False,False
1238.1048307999824,1238.1048307999824,1239.622864499988,1239.622864499988,1239.7229345000321,1240.1231399999904,,1240.624039200027,1240.624039200027,1242.6256960000117,1243.6427573000053,vis2,4,0,vis,164.0,164.0,,0.0,False,True,False,False,False,True,False,False,True,False,False,False,False,False,True,False,False,False,False,True,True,False,False,False,False
1243.8930681999861,1243.8930681999861,1245.3943214999833,1245.3843214999833,1245.4944948999998,1245.8843214999833,,1246.3953533999827,1246.3953533999827,1248.413522000026,1249.414385800026,sound2,2,0,vis,165.0,165.0,,0.0,False,True,False,False,False,True,False,False,True,False,False,False,False,True,False,False,False,False,True,False,True,False,False,False,False
1249.4978099999805,1249.4978099999805,1251.0160284999963,1251.0160284999963,1251.1161112000207,1251.0160284999963,1251.2497688999954,1252.016719200017,1252.016719200017,1254.035438700006,1255.0362895000233,catch,0,0,vis,,,,,True,False,True,False,False,False,False,False,False,False,False,False,False,False,False,True,False,False,False,False,True,False,False,False,False
1256.4537941999822,1256.4537941999822,1257.972186299981,1257.972186299981,1258.07230519999,1257.972186299981,,1258.973168700011,1258.973168700011,1260.9914973999928,1261.9922818000284,catch,0,0,vis,,,,,False,True,False,False,False,False,False,False,False,False,False,False,False,False,False,True,False,False,False,False,True,False,False,False,False
1262.4424266999793,1262.4424266999793,1263.9606777000097,1263.9606777000097,1264.060317699981,1264.4608455000068,,1264.9610960999942,1264.9610960999942,1266.9627905000323,1267.9806400000323,vis1,3,0,vis,166.0,166.0,,0.0,False,False,True,False,False,False,True,True,False,False,False,False,False,False,True,False,False,True,False,False,True,False,False,False,False
1268.8815688000266,1268.8815688000266,1270.3826435000026,1270.3726435000026,1270.4828811999848,1270.8726435000026,,1271.3999972000108,1271.3999972000108,1273.4021491999827,1274.4029040000257,sound1,1,0,vis,167.0,167.0,,0.0,False,True,False,False,False,True,False,False,True,False,False,False,False,True,False,False,True,False,False,False,True,False,False,False,False
1275.7539561999818,1275.7539561999818,1277.2549634000259,1277.2449634000259,1277.3550488000126,1277.7449634000259,,1278.2730418000226,1278.2730418000226,1280.274216200001,1281.2750748000196,sound2,2,0,vis,168.0,168.0,,0.0,False,True,False,False,False,True,False,False,True,False,False,False,False,True,False,False,False,False,True,False,True,False,False,False,False
1281.842691699983,1281.842691699983,1283.343754899988,1283.343754899988,1283.4440581000033,1283.8439343000152,,1284.344445400007,1284.344445400007,1286.3632863999899,1287.3636314999983,vis2,4,0,vis,169.0,169.0,,0.0,False,True,False,False,False,True,False,False,True,False,False,False,False,False,True,False,False,False,False,True,True,False,False,False,False
1287.413838599992,1287.413838599992,1288.9319896000177,1288.9219896000177,1289.0322148000212,1289.4219896000177,,1289.93303850003,1289.93303850003,1291.9345566000063,1292.9519769999986,sound1,1,0,vis,170.0,170.0,,0.0,False,True,False,False,False,True,False,False,True,False,False,False,False,True,False,False,True,False,False,False,True,False,False,False,False
1295.9376333000343,1295.9376333000343,1297.4393795000012,1297.4393795000012,1297.5394736999967,1297.939408999993,1298.1395194000304,1298.4398570000283,1298.4398570000283,1300.4582319000126,1301.459093399995,vis1,3,0,vis,171.0,171.0,,0.0,True,True,False,True,False,False,False,True,False,True,False,True,False,False,True,False,False,True,False,False,True,False,False,False,False
1303.8444780000225,1303.8444780000225,1305.3462464999845,1305.3462464999845,1305.4458635000135,1305.8462258000015,1306.096406299979,1306.3467740999856,1306.3467740999856,1308.3650434999815,1309.3659941000021,vis2,4,0,vis,172.0,172.0,,0.0,True,False,True,False,True,False,False,False,True,False,False,False,False,False,True,False,False,False,False,True,True,False,False,False,False
1310.3669973000158,1310.3669973000158,1311.8681759000262,1311.8581759000263,1311.9685235000304,1312.3581759000263,,1312.8688432999859,1312.8688432999859,1314.8874965999946,1315.8883341000271,sound1,1,0,vis,173.0,173.0,,0.0,False,True,False,False,False,True,False,False,True,False,False,False,False,True,False,False,True,False,False,False,True,False,False,False,False
1318.5739304000251,1318.5739304000251,1320.0750685000182,1320.0750685000182,1320.1751043000347,1320.5758755999939,,1321.0927887000232,1321.0927887000232,1323.094645200015,1324.095478700017,vis2,4,0,vis,174.0,174.0,,0.0,False,True,False,False,False,True,False,False,True,False,False,False,False,False,True,False,False,False,False,True,True,False,False,False,False
1324.2458953000112,1324.2458953000112,1325.7632271000273,1325.7632271000273,1325.8633255999973,1326.2636408000342,1326.4638385999804,1326.7641285000225,1326.7641285000225,1328.782856500018,1329.7838164999937,vis1,3,0,vis,175.0,175.0,,0.0,True,True,False,True,False,False,False,True,False,True,False,True,False,False,True,False,False,True,False,False,True,False,False,False,False
1330.967721599978,1330.967721599978,1332.4858995000338,1332.4758995000338,1332.586172399993,1332.9758995000338,,1333.4867193999905,1333.4867193999905,1335.5051219000104,1336.506229500004,sound2,2,0,vis,176.0,176.0,,0.0,False,True,False,False,False,True,False,False,True,False,False,False,False,True,False,False,False,False,True,False,True,False,False,False,False
1336.9566412000074,1336.9566412000074,1338.4742083000108,1338.4742083000108,1338.5742435000227,1338.9750297999797,1339.0082097000065,1339.4750341000124,1339.4750341000124,1341.4769408999798,1342.4943290000172,vis1,3,0,vis,177.0,177.0,,0.0,True,True,False,True,False,False,False,True,False,True,False,True,False,False,True,False,False,True,False,False,True,False,False,False,False
1344.830024899982,1344.830024899982,1346.3479500000337,1346.3479500000337,1346.4481134000323,1346.8479840000016,1346.9148576000096,1347.3486327999942,1347.3486327999942,1349.3502851000028,1350.3676730999812,vis1,3,0,vis,178.0,178.0,,0.0,True,True,False,True,False,False,False,True,False,True,False,True,False,False,True,False,False,True,False,False,True,False,False,False,False
1351.0185536000151,1351.0185536000151,1352.5201119000064,1352.5101119000065,1352.6201420999803,1353.0101119000065,,1353.5372941999901,1353.5372941999901,1355.5393022000296,1356.5400087999967,sound2,2,0,vis,179.0,179.0,,0.0,False,True,False,False,False,True,False,False,True,False,False,False,False,True,False,False,False,False,True,False,True,False,False,False,False
1360.4933027000022,1360.4933027000022,1361.9943225000259,1361.9943225000259,1362.0944025000297,1362.4951883999836,,1362.995165399983,1362.995165399983,1365.0135654999847,1366.0144507000311,vis2,4,0,vis,180.0,180.0,,0.0,False,True,False,False,False,True,False,False,True,False,False,False,False,False,True,False,False,False,False,True,True,False,False,False,False
1367.2165099000065,1367.2165099000065,1368.7334655000102,1368.7234655000102,1368.8335734999944,1369.2234655000102,,1369.734325599982,1369.734325599982,1371.752699500017,1372.7535810999777,sound1,1,0,vis,181.0,181.0,,0.0,False,True,False,False,False,True,False,False,True,False,False,False,False,True,False,False,True,False,False,False,True,False,False,False,False
1373.10441899999,1373.10441899999,1374.6227459000163,1374.6127459000163,1374.7223350000074,1375.1127459000163,,1375.6229168999796,1375.6229168999796,1377.6244047000162,1378.6419926000033,sound2,2,0,vis,182.0,182.0,,0.0,False,True,False,False,False,True,False,False,True,False,False,False,False,True,False,False,False,False,True,False,True,False,False,False,False
1378.8088521999978,1378.8088521999978,1380.3100477000205,1380.3100477000205,1380.4101529999841,1380.8108634000034,,1381.3109527999857,1381.3109527999857,1383.3293268000214,1384.3305179000106,vis2,4,0,vis,183.0,183.0,,0.0,False,True,False,False,False,True,False,False,True,False,False,False,False,False,True,False,False,False,False,True,True,False,False,False,False
1384.6804300000165,1384.6804300000165,1386.198667600003,1386.188667600003,1386.2988117000293,1386.688667600003,,1387.199509000007,1387.199509000007,1389.2179230999989,1390.2189125000239,sound1,1,0,vis,184.0,184.0,,0.0,False,True,False,False,False,True,False,False,True,False,False,False,False,True,False,False,True,False,False,False,True,False,False,False,False
1391.3695412000031,1391.3695412000031,1392.8875338999876,1392.8875338999876,1392.9876436999855,1393.3879575000117,,1393.8883969999822,1393.8883969999822,1395.9068769000094,1396.9076719000093,vis2,4,0,vis,185.0,185.0,,0.0,False,True,False,False,False,True,False,False,True,False,False,False,False,False,True,False,False,False,False,True,True,False,False,False,False
1397.6753987000063,1397.6753987000063,1399.1762523999876,1399.1662523999876,1399.2770690000123,1399.6662523999876,,1400.1941893000128,1400.1941893000128,1402.1955023999997,1403.2133181000333,sound1,1,0,vis,186.0,186.0,,0.0,False,True,False,False,False,True,False,False,True,False,False,False,False,True,False,False,True,False,False,False,True,False,False,False,False
1403.8136477000169,1403.8136477000169,1405.3152447000118,1405.3052447000118,1405.4153774000094,1405.8052447000118,1406.2323583000195,1406.316086000015,1406.316086000015,1408.3341044000206,1409.3354564000126,sound2,2,0,vis,187.0,187.0,,0.0,True,False,True,False,True,False,False,False,True,False,False,False,False,True,False,False,False,False,True,False,True,False,False,False,False
1411.453604899996,1411.453604899996,1412.9547279999913,1412.9447279999913,1413.054800199994,1413.4447279999913,,1413.9724219000288,1413.9724219000288,1415.9739675999824,1416.975056200006,sound1,1,0,vis,188.0,188.0,,0.0,False,True,False,False,False,True,False,False,True,False,False,False,False,True,False,False,True,False,False,False,True,False,False,False,False
1417.6588172999998,1417.6588172999998,1419.1601128000273,1419.1601128000273,1419.2601393000311,1419.1601128000273,,1420.1613811000223,1420.1613811000223,1422.1793034999953,1423.1801946000285,catch,0,0,vis,,,,,False,True,False,False,False,False,False,False,False,False,False,False,False,False,False,True,False,False,False,False,True,False,False,False,False
1423.6809684999841,1423.6809684999841,1425.1991376000312,1425.1891376000312,1425.2986978999777,1425.6891376000312,,1426.1994543999988,1426.1994543999988,1428.2180677999947,1429.21894890001,sound1,1,0,vis,189.0,189.0,,0.0,False,True,False,False,False,True,False,False,True,False,False,False,False,True,False,False,True,False,False,False,True,False,False,False,False
1429.9193323000306,1429.9193323000306,1431.437492900013,1431.437492900013,1431.5377063999856,1431.9377004000214,,1432.4383630000027,1432.4383630000027,1434.4402241000296,1435.4574335999876,vis1,3,0,vis,190.0,190.0,,0.0,False,False,True,False,False,False,True,True,False,False,False,False,False,False,True,False,False,True,False,False,True,False,False,False,False
1435.7245755000129,1435.7245755000129,1437.2256031999802,1437.2156031999803,1437.3256730000228,1437.7156031999803,,1438.226976500018,1438.226976500018,1440.2453906000098,1441.245816999997,sound1,1,0,vis,191.0,191.0,,0.0,False,True,False,False,False,True,False,False,True,False,False,False,False,True,False,False,True,False,False,False,True,False,False,False,False
1494.2745452000033,1494.2745452000033,1495.7929691000115,1495.7929691000115,1495.893028899978,1496.292919499983,1495.893028899978,1496.7936521000317,1496.7936521000317,1498.8117122000056,1499.8125816999907,vis2,4,0,vis,192.0,192.0,,0.0,True,False,True,False,True,False,False,False,True,False,False,False,False,False,True,False,False,False,False,True,True,False,False,False,False
1507.452548399984,1507.452548399984,1508.9704317000085,1508.9704317000085,1509.0707553000045,1508.9704317000085,,1509.9715532999924,1509.9715532999924,1511.9731025000308,1512.9910378999864,catch,0,0,vis,,,,,False,True,False,False,False,False,False,False,False,False,False,False,False,False,False,True,False,False,False,False,True,False,False,False,False
1516.7775344000054,1516.7775344000054,1518.2784267999903,1518.2684267999903,1518.3785116000306,1518.7684267999903,1518.9623557999819,1519.2794932000195,1519.2794932000195,1521.2976986999945,1522.298572700014,sound2,2,0,vis,193.0,193.0,,0.0,True,False,True,False,True,False,False,False,True,False,False,False,False,True,False,False,False,False,True,False,True,False,False,False,False
1528.2036116999896,1528.2036116999896,1529.704969400025,1529.704969400025,1529.8050118000335,1530.2053781999946,1530.2387754999888,1530.7228284999817,1530.7228284999817,1532.7245892000008,1533.7255410000305,vis1,3,0,vis,194.0,194.0,,0.0,True,True,False,True,False,False,False,True,False,True,False,True,False,False,True,False,False,True,False,False,True,False,False,False,False
1535.4767739999895,1535.4767739999895,1536.9778843000038,1536.9678843000038,1537.077911500013,1537.4678843000038,,1537.9956410999964,1537.9956410999964,1539.9970971000237,1540.9980728000025,sound2,2,0,vis,195.0,195.0,,0.0,False,True,False,False,False,True,False,False,True,False,False,False,False,True,False,False,False,False,True,False,True,False,False,False,False
1545.41841990001,1545.41841990001,1546.9201028000186,1546.9201028000186,1547.0201878000023,1546.9201028000186,1547.5039194999933,1547.9209579000105,1547.9209579000105,1549.9391410999904,1550.9398317000102,catch,0,0,vis,,,,,True,False,True,False,False,False,False,False,False,False,False,False,False,False,False,True,False,False,False,False,True,False,False,False,False
1558.112638100001,1558.112638100001,1559.6143070000196,1559.6043070000196,1559.7142891999772,1560.1043070000196,1560.264893000023,1560.6152283999925,1560.6152283999925,1562.617743699995,1563.634116399984,sound2,2,0,vis,196.0,196.0,,0.0,True,False,True,False,True,False,False,False,True,False,False,False,False,True,False,False,False,False,True,False,True,False,False,False,False
1579.8979898999767,1579.8979898999767,1581.4159878000007,1581.4059878000007,1581.5162816000027,1581.9059878000007,,1582.416889599999,1582.416889599999,1584.4351995000122,1585.4364182999796,sound2,2,0,vis,197.0,197.0,,0.0,False,True,False,False,False,True,False,False,True,False,False,False,False,True,False,False,False,False,True,False,True,False,False,False,False
1589.9733002000228,1589.9733002000228,1591.491258200034,1591.481258200034,1591.5915760999867,1591.981258200034,,1592.492375599986,1592.492375599986,1594.5106094000018,1595.51139519999,sound1,1,0,vis,198.0,198.0,,0.0,False,True,False,False,False,True,False,False,True,False,False,False,False,True,False,False,True,False,False,False,True,False,False,False,False
1595.6283447999829,1595.6283447999829,1597.129441900013,1597.129441900013,1597.22955420003,1597.6298429999822,,1598.1470462000086,1598.1470462000086,1600.1487001000294,1601.149550299984,vis1,3,0,vis,199.0,199.0,,0.0,False,False,True,False,False,False,True,True,False,False,False,False,False,False,True,False,False,True,False,False,True,False,False,False,False
1601.199722500003,1601.199722500003,1602.7178316000006,1602.7178316000006,1602.8181244999957,1603.2179898999836,,1603.7188384999843,1603.7188384999843,1605.736992000029,1606.7381407999871,vis2,4,0,vis,200.0,200.0,,0.0,False,True,False,False,False,True,False,False,True,False,False,False,False,False,True,False,False,False,False,True,True,False,False,False,False
1606.8878392999848,1606.8878392999848,1608.4059778000317,1608.4059778000317,1608.506344800009,1608.9062063000254,,1609.4068935000194,1609.4068935000194,1611.4088244999964,1612.4259555999977,vis2,4,0,vis,201.0,201.0,,0.0,False,True,False,False,False,True,False,False,True,False,False,False,False,False,True,False,False,False,False,True,True,False,False,False,False
1612.5765650000046,1612.5765650000046,1614.077354000017,1614.077354000017,1614.1774026000146,1614.077354000017,,1615.0782268000273,1615.0782268000273,1617.0968679000014,1618.0976806000197,catch,0,0,vis,,,,,False,True,False,False,False,False,False,False,False,False,False,False,False,False,False,True,False,False,False,False,True,False,False,False,False
1618.2141731000245,1618.2141731000245,1619.7323514000252,1619.7323514000252,1619.8326824000194,1620.2325755999861,1620.4663166999906,1620.7333799999994,1620.7333799999994,1622.7519042000147,1623.7523757999968,vis1,3,0,vis,202.0,202.0,,0.0,True,True,False,True,False,False,False,True,False,True,False,True,False,False,True,False,False,True,False,False,True,False,False,False,False
1627.7392566999858,1627.7392566999858,1629.2413224999998,1629.2413224999998,1629.3405450999942,1629.7575436999994,1629.3405450999942,1630.2579165999866,1630.2579165999866,1632.2595883000265,1633.2775467999834,vis1,3,0,vis,203.0,203.0,,0.0,True,True,False,True,False,False,False,True,False,True,False,True,False,False,True,False,False,True,False,False,True,False,False,False,False
1633.4941986000138,1633.4941986000138,1634.995328800005,1634.995328800005,1635.0955644000294,1635.4957020999952,,1635.9962051999844,1635.9962051999844,1638.014507900001,1639.0153802000075,vis2,4,0,vis,204.0,204.0,,0.0,False,True,False,False,False,True,False,False,True,False,False,False,False,False,True,False,False,False,False,True,True,False,False,False,False
1639.048755000005,1639.048755000005,1640.5666828000192,1640.5566828000192,1640.6667915000087,1641.0566828000192,1641.0006102999994,1641.5676226000157,1641.5676226000157,1643.5696971999803,1644.5870805999818,sound1,1,0,vis,205.0,205.0,,0.0,True,False,True,False,True,False,False,False,True,False,False,False,False,True,False,False,True,False,False,False,True,False,False,False,False
1645.1873323000125,1645.1873323000125,1646.689003599991,1646.689003599991,1646.7891236000085,1647.206398500022,1647.239305600009,1647.7064269000055,1647.7064269000055,1649.7079086999963,1650.70942540002,vis1,3,0,vis,206.0,206.0,,0.0,True,True,False,True,False,False,False,True,False,True,False,True,False,False,True,False,False,True,False,False,True,False,False,False,False
1653.1441342000123,1653.1441342000123,1654.6621863999842,1654.6621863999842,1654.7624159000204,1655.1625367000322,,1655.6631840000134,1655.6631840000134,1657.6653672999907,1658.6824379999978,vis2,4,0,vis,207.0,207.0,,0.0,False,True,False,False,False,True,False,False,True,False,False,False,False,False,True,False,False,False,False,True,True,False,False,False,False
1659.5996979000136,1659.5996979000136,1661.1179156000233,1661.1179156000233,1661.2180153000024,1661.618551500034,,1662.118740100015,1662.118740100015,1664.120509899987,1665.137832199989,vis2,4,0,vis,208.0,208.0,,0.0,False,True,False,False,False,True,False,False,True,False,False,False,False,False,True,False,False,False,False,True,True,False,False,False,False
1666.4055609000004,1666.4055609000004,1667.9070546000237,1667.9070546000237,1668.0069148999844,1668.4079857000122,1668.441695700001,1668.9247959000147,1668.9247959000147,1670.9260980999768,1671.9272100000032,vis1,3,0,vis,209.0,209.0,,0.0,True,True,False,True,False,False,False,True,False,True,False,True,False,False,True,False,False,True,False,False,True,False,False,False,False
1671.9942148000207,1671.9942148000207,1673.5118375999825,1673.5018375999825,1673.612060800029,1674.0018375999825,,1674.512660200018,1674.512660200018,1676.530930800023,1677.531791700001,sound2,2,0,vis,210.0,210.0,,0.0,False,True,False,False,False,True,False,False,True,False,False,False,False,True,False,False,False,False,True,False,True,False,False,False,False
1677.5985628999858,1677.5985628999858,1679.1170018999926,1679.1170018999926,1679.2165520999786,1679.617167600032,,1680.1173635000102,1680.1173635000102,1682.119039800027,1683.136593699988,vis2,4,0,vis,211.0,211.0,,0.0,False,True,False,False,False,True,False,False,True,False,False,False,False,False,True,False,False,False,False,True,True,False,False,False,False
1683.4536047999952,1683.4536047999952,1684.9548107999815,1684.9448107999815,1685.0548946000142,1685.4448107999815,,1685.9560250000302,1685.9560250000302,1687.9740743999807,1688.9749180000015,sound1,1,0,vis,212.0,212.0,,0.0,False,True,False,False,False,True,False,False,True,False,False,False,False,True,False,False,True,False,False,False,True,False,False,False,False
1689.0249525000197,1689.0249525000197,1690.5429330000277,1690.5329330000277,1690.6432704000124,1691.0329330000277,,1691.5440295999958,1691.5440295999958,1693.562209400008,1694.5630832000259,sound2,2,0,vis,213.0,213.0,,0.0,False,True,False,False,False,True,False,False,True,False,False,False,False,True,False,False,False,False,True,False,True,False,False,False,False
1695.130673300018,1695.130673300018,1696.6327658000025,1696.6227658000025,1696.7487499999786,1697.1227658000025,,1697.6494101000224,1697.6494101000224,1699.650738200007,1700.6683078000294,sound2,2,0,vis,214.0,214.0,,0.0,False,True,False,False,False,True,False,False,True,False,False,False,False,True,False,False,False,False,True,False,True,False,False,False,False
1700.9685560999876,1700.9685560999876,1702.469988000006,1702.469988000006,1702.5703757000244,1702.9702593000345,,1703.4714009999968,1703.4714009999968,1705.489118999985,1706.4899571000221,vis2,4,0,vis,215.0,215.0,,0.0,False,True,False,False,False,True,False,False,True,False,False,False,False,False,True,False,False,False,False,True,True,False,False,False,False
1707.6409280999885,1707.6409280999885,1709.142211499982,1709.142211499982,1709.242321699983,1709.6431828999864,,1710.1430879000197,1710.1430879000197,1712.1615909999907,1713.1623503000098,vis2,4,0,vis,216.0,216.0,,0.0,False,True,False,False,False,True,False,False,True,False,False,False,False,False,True,False,False,False,False,True,True,False,False,False,False
1713.1790837000096,1713.1790837000096,1714.6973407000276,1714.6973407000276,1714.7974033000153,1714.6973407000276,,1715.6978587000137,1715.6978587000137,1717.700483799979,1718.7174099999918,catch,0,0,vis,,,,,False,True,False,False,False,False,False,False,False,False,False,False,False,False,False,True,False,False,False,False,True,False,False,False,False
1719.6679464000133,1719.6679464000133,1721.16936780001,1721.15936780001,1721.2696853000177,1721.65936780001,,1722.1867346000015,1722.1867346000015,1724.188452799988,1725.2059905000003,sound2,2,0,vis,217.0,217.0,,0.0,False,True,False,False,False,True,False,False,True,False,False,False,False,True,False,False,False,False,True,False,True,False,False,False,False
1725.406539199999,1725.406539199999,1726.9074761000318,1726.9074761000318,1727.00754879998,1727.4079475000124,1727.791602400024,1727.9083327999776,1727.9083327999776,1729.9267568999874,1730.9275963000343,vis1,3,0,vis,218.0,218.0,,0.0,True,True,False,True,False,False,False,True,False,True,False,True,False,False,True,False,False,True,False,False,True,False,False,False,False
1732.4622497999896,1732.4622497999896,1733.963845000029,1733.963845000029,1734.0636886999798,1734.4639599000309,1734.414259699997,1734.96436599998,1734.96436599998,1736.982826500034,1737.9836601999793,vis1,3,0,vis,219.0,219.0,,0.0,True,True,False,True,False,False,False,True,False,True,False,True,False,False,True,False,False,True,False,False,True,False,False,False,False
1739.0859822,1739.0859822,1740.6030624000211,1740.5930624000212,1740.7031817000332,1741.0930624000212,1741.0029085999793,1741.603829599984,1741.603829599984,1743.6220285000252,1744.622915100024,sound2,2,0,vis,220.0,220.0,,0.0,True,False,True,False,True,False,False,False,True,False,False,False,False,True,False,False,False,False,True,False,True,False,False,False,False
1745.8737415000303,1745.8737415000303,1747.3919777000062,1747.3819777000062,1747.4922927999958,1747.8819777000062,,1748.3930358000305,1748.3930358000305,1750.4111700999872,1751.4120517000063,sound1,1,0,vis,221.0,221.0,,0.0,False,True,False,False,False,True,False,False,True,False,False,False,False,True,False,False,True,False,False,False,True,False,False,False,False
1752.4627340000095,1752.4627340000095,1753.98069320003,1753.97069320003,1754.0808092000168,1754.47069320003,,1754.9817716999767,1754.9817716999767,1757.0002307000193,1758.0010642000213,sound1,1,0,vis,222.0,222.0,,0.0,False,True,False,False,False,True,False,False,True,False,False,False,False,True,False,False,True,False,False,False,True,False,False,False,False
1758.1013288000338,1758.1013288000338,1759.6022855999852,1759.6022855999852,1759.7027247999883,1759.6022855999852,,1760.6199429999776,1760.6199429999776,1762.6220143000335,1763.6226797999786,catch,0,0,vis,,,,,False,True,False,False,False,False,False,False,False,False,False,False,False,False,False,True,False,False,False,False,True,False,False,False,False
1764.6568748999941,1764.6568748999941,1766.1583326999769,1766.148332699977,1766.2581286000293,1766.648332699977,1766.675384300013,1767.1586922999793,1767.1586922999793,1769.1770755000268,1770.1779700000277,sound1,1,0,vis,223.0,223.0,,0.0,True,False,True,False,True,False,False,False,True,False,False,False,False,True,False,False,True,False,False,False,True,False,False,False,False
1771.1955340000075,1771.1955340000075,1772.6971709000152,1772.6971709000152,1772.7970896000131,1773.1972160000093,1773.2142512999797,1773.6976448000148,1773.6976448000148,1775.716103099994,1776.7171265999875,vis1,3,0,vis,224.0,224.0,,0.0,True,True,False,True,False,False,False,True,False,True,False,True,False,False,True,False,False,True,False,False,True,False,False,False,False
1777.3174329000265,1777.3174329000265,1778.8353670000304,1778.8353670000304,1778.9354685000233,1779.3360044999952,1779.4028862000066,1779.8361950999913,1779.8361950999913,1781.8546935999855,1782.8555273999898,vis1,3,0,vis,225.0,225.0,,0.0,True,True,False,True,False,False,False,True,False,True,False,True,False,False,True,False,False,True,False,False,True,False,False,False,False
1785.1244830000303,1785.1244830000303,1786.6422463000142,1786.6422463000142,1786.7425886999788,1787.1425264999941,,1787.6433695000103,1787.6433695000103,1789.6615017000092,1790.6624264000072,vis2,4,0,vis,226.0,226.0,,0.0,False,True,False,False,False,True,False,False,True,False,False,False,False,False,True,False,False,False,False,True,True,False,False,False,False
1792.1468280999777,1792.1468280999777,1793.6651410000138,1793.6651410000138,1793.764898400006,1794.1651507000295,,1794.6660710999947,1794.6660710999947,1796.684195299991,1797.6853493999895,vis1,3,0,vis,227.0,227.0,,0.0,False,False,True,False,False,False,True,True,False,False,False,False,False,False,True,False,False,True,False,False,True,False,False,False,False
1798.1692189999828,1798.1692189999828,1799.686833399997,1799.6768333999971,1799.7869583999943,1800.1768333999971,,1800.6874634000212,1800.6874634000212,1802.6891581000034,1803.7071170000215,sound2,2,0,vis,228.0,228.0,,0.0,False,True,False,False,False,True,False,False,True,False,False,False,False,True,False,False,False,False,True,False,True,False,False,False,False
1804.6912943000295,1804.6912943000295,1806.1921322000069,1806.182132200007,1806.2922315999838,1806.682132200007,,1807.2101873000008,1807.2101873000008,1809.2114297000314,1810.2292608000078,sound1,1,0,vis,229.0,229.0,,0.0,False,True,False,False,False,True,False,False,True,False,False,False,False,True,False,False,True,False,False,False,True,False,False,False,False
1810.8630741000031,1810.8630741000031,1812.364225499981,1812.354225499981,1812.4645259000333,1812.854225499981,1812.7478056000052,1813.364943100032,1813.364943100032,1815.383432500015,1816.3842658000156,sound1,1,1,sound,230.0,0.0,0.0,0.0,True,False,False,False,False,False,False,False,False,True,True,False,True,True,False,False,True,False,False,False,False,True,True,False,False
1816.601174500023,1816.601174500023,1818.1191168000312,1818.1091168000312,1818.2191968999775,1818.6091168000312,1818.3862015000284,1819.1199288999867,1819.1199288999867,1821.1386697000214,1822.1396036000313,sound1,1,1,sound,231.0,1.0,1.0,0.0,True,False,False,False,False,False,False,False,False,True,True,False,True,True,False,False,True,False,False,False,False,True,False,False,False
1825.7425275999792,1825.7425275999792,1827.2437331000199,1827.23373310002,1827.3440821999773,1827.73373310002,1827.527220800004,1828.2611389000174,1828.2611389000174,1830.263045999987,1831.2641398999929,sound1,1,1,sound,232.0,2.0,2.0,0.0,True,False,False,False,False,False,False,False,False,True,True,False,True,True,False,False,True,False,False,False,False,True,False,False,False
1831.598493599982,1831.598493599982,1833.115292000011,1833.105292000011,1833.2153822000344,1833.605292000011,1833.3988705999889,1834.1161503000274,1834.1161503000274,1836.134975600007,1837.1354218000286,sound1,1,1,sound,233.0,3.0,3.0,0.0,True,False,False,False,False,False,False,False,False,True,True,False,True,True,False,False,True,False,False,False,False,True,False,False,False
1840.8386087999768,1840.8386087999768,1842.3565948000266,1842.3465948000267,1842.4566550999969,1842.8465948000267,1842.6406901999815,1843.357385799996,1843.357385799996,1845.3590966999852,1846.3768474999904,sound1,1,1,sound,234.0,4.0,4.0,0.0,True,False,False,False,False,False,False,False,False,True,True,False,True,True,False,False,True,False,False,False,False,True,False,False,False
1851.030702900034,1851.030702900034,1852.5332039999864,1852.5332039999864,1852.632591500014,1853.0490424999823,,1853.5497030000058,1853.5497030000058,1855.5512018000097,1856.5687056999975,vis2,4,1,sound,235.0,5.0,,0.0,False,True,False,False,False,True,False,False,True,False,False,False,False,False,True,False,False,False,False,True,False,True,False,False,False
1857.1027022000142,1857.1027022000142,1858.6038239999996,1858.6038239999996,1858.703907900033,1859.1042610000093,,1859.6046360000125,1859.6046360000125,1861.6231440000208,1862.6239299000097,vis2,4,1,sound,236.0,6.0,,0.0,False,True,False,False,False,True,False,False,True,False,False,False,False,False,True,False,False,False,False,True,False,True,False,False,False
1863.291211500016,1863.291211500016,1864.8091418999918,1864.7991418999918,1864.9094432999934,1865.2991418999918,,1865.8100154000074,1865.8100154000074,1867.8288990000235,1868.8297604000052,sound1,1,1,sound,237.0,7.0,,0.0,False,False,True,False,False,False,True,True,False,False,False,False,False,True,False,False,True,False,False,False,False,True,False,False,False
1870.6491365000345,1870.6491365000345,1872.1654234000105,1872.1554234000105,1872.2655156999915,1872.6554234000105,,1873.1663128000307,1873.1663128000307,1875.185141200034,1876.1855359000126,sound2,2,1,sound,238.0,8.0,,0.0,False,True,False,False,False,True,False,False,True,False,False,False,False,True,False,False,False,False,True,False,False,True,False,False,False
1876.6194118000074,1876.6194118000074,1878.1375259999857,1878.1375259999857,1878.2380011000294,1878.637704100003,1878.6710740000215,1879.1386112999842,1879.1386112999842,1881.14115629998,1882.1573344000005,vis1,3,1,sound,239.0,9.0,,0.0,True,False,True,False,True,False,False,False,True,False,False,False,False,False,True,False,False,True,False,False,False,True,False,False,False
1882.39110409999,1882.39110409999,1883.8921947000288,1883.8821947000288,1883.9926518999944,1884.3821947000288,,1884.9097447000183,1884.9097447000183,1886.911690799994,1887.9123027999974,sound2,2,1,sound,240.0,10.0,,0.0,False,True,False,False,False,True,False,False,True,False,False,False,False,True,False,False,False,False,True,False,False,True,False,False,False
1889.1139088000143,1889.1139088000143,1890.6149387999992,1890.6149387999992,1890.715233900011,1891.115033800024,,1891.6155924000284,1891.6155924000284,1893.6339019999812,1894.63473400003,vis2,4,1,sound,241.0,11.0,,0.0,False,True,False,False,False,True,False,False,True,False,False,False,False,False,True,False,False,False,False,True,False,True,False,False,False
1895.335325700007,1895.335325700007,1896.8365884000175,1896.8265884000175,1896.9367946999935,1897.3265884000175,,1897.837534400003,1897.837534400003,1899.8573076999835,1900.8571910000262,sound2,2,1,sound,242.0,12.0,,0.0,False,True,False,False,False,True,False,False,True,False,False,False,False,True,False,False,False,False,True,False,False,True,False,False,False
1903.1253455000203,1903.1253455000203,1904.6266397999805,1904.6166397999805,1904.7267410000293,1905.1166397999805,,1905.6274283999899,1905.6274283999899,1907.6459112999817,1908.6467471000012,sound2,2,1,sound,243.0,13.0,,0.0,False,True,False,False,False,True,False,False,True,False,False,False,False,True,False,False,False,False,True,False,False,True,False,False,False
1908.8302754000267,1908.8302754000267,1910.348407000021,1910.348407000021,1910.4484852000112,1910.8486566000008,,1911.3495367000085,1911.3495367000085,1913.36747180002,1914.368848300024,vis2,4,1,sound,244.0,14.0,,0.0,False,True,False,False,False,True,False,False,True,False,False,False,False,False,True,False,False,False,False,True,False,True,False,False,False
1914.5022184000206,1914.5022184000206,1916.004125199988,1916.004125199988,1916.1036305999821,1916.5202192000086,1916.5868938000146,1917.0208464000114,1917.0208464000114,1919.0225697999792,1920.0399227999822,vis1,3,1,sound,245.0,15.0,,0.0,True,False,True,False,True,False,False,False,True,False,False,False,False,False,True,False,False,True,False,False,False,True,False,False,False
1991.6512941999915,1991.6512941999915,1993.1696457000305,1993.1596457000305,1993.2695613000049,1993.6596457000305,1993.5531664000098,1994.1706147000166,1994.1706147000166,1996.1719390000305,1997.1919736000216,sound1,1,1,sound,246.0,16.0,,0.0,True,True,False,True,False,False,False,True,False,True,False,True,False,True,False,False,True,False,False,False,False,True,False,False,False
1999.458046399997,1999.458046399997,2000.9759960000026,2000.9759960000026,2001.0761837000116,2001.4768996000146,2001.3596437000176,2001.9768950999803,2001.9768950999803,2003.9956660000114,2004.9966689000228,vis1,3,1,sound,247.0,17.0,,0.0,True,False,True,False,True,False,False,False,True,False,False,False,False,False,True,False,False,True,False,False,False,True,False,False,False
2005.6800275999792,2005.6800275999792,2007.1826982,2007.1826982,2007.2984555999953,2007.1826982,2007.9324657999766,2008.1988805999952,2008.1988805999952,2010.2005811000215,2011.2181381000062,catch,0,1,sound,,,,,True,False,True,False,False,False,False,False,False,False,False,False,False,False,False,True,False,False,False,False,False,True,False,False,False
2011.3849160000188,2011.3849160000188,2012.8862164000254,2012.8762164000254,2012.9863746999852,2013.3762164000254,,2013.887052499989,2013.887052499989,2015.9058440000024,2016.9062866999973,sound1,1,1,sound,248.0,18.0,,0.0,False,False,True,False,False,False,True,True,False,False,False,False,False,True,False,False,True,False,False,False,False,True,False,False,False
2017.4568380999933,2017.4568380999933,2018.9749496000093,2018.9649496000093,2019.0750951999887,2019.4649496000093,,2019.9756012000232,2019.9756012000232,2021.9940699000233,2022.9948781000073,sound2,2,1,sound,249.0,19.0,,0.0,False,True,False,False,False,True,False,False,True,False,False,False,False,True,False,False,False,False,True,False,False,True,False,False,False
2023.3288079000283,2023.3288079000283,2024.8467675999943,2024.8467675999943,2024.947123300002,2025.3469383000136,2025.4138068999835,2025.8477903999826,2025.8477903999826,2027.84924140003,2028.8668322999818,vis1,3,1,sound,250.0,20.0,,0.0,True,False,True,False,True,False,False,False,True,False,False,False,False,False,True,False,False,True,False,False,False,True,False,False,False
2029.0670216999804,2029.0670216999804,2030.5680379999774,2030.5680379999774,2030.6681825000067,2030.5680379999774,,2031.5688188999864,2031.5688188999864,2033.5874931999804,2034.588194300022,catch,0,1,sound,,,,,False,True,False,False,False,False,False,False,False,False,False,False,False,False,False,True,False,False,False,False,False,True,False,False,False
2034.9384572000215,2034.9384572000215,2036.4564278000123,2036.4564278000123,2036.5565536000156,2036.9570448999964,,2037.4572620000197,2037.4572620000197,2039.4759202000075,2040.476529699992,vis2,4,1,sound,251.0,21.0,,0.0,False,True,False,False,False,True,False,False,True,False,False,False,False,False,True,False,False,False,False,True,False,True,False,False,False
2041.0270479000262,2041.0270479000262,2042.529943100011,2042.519943100011,2042.6451575000044,2043.019943100011,,2043.5458442000179,2043.5458442000179,2045.5977029000148,2046.5988453999832,sound1,1,1,sound,252.0,22.0,,0.0,False,False,True,False,False,False,True,True,False,False,False,False,False,True,False,False,True,False,False,False,False,True,False,False,False
2046.8822557000183,2046.8822557000183,2048.3833415000204,2048.3833415000204,2048.483484999984,2048.883732100026,2049.0007468999916,2049.3844042000214,2049.3844042000214,2051.385929199992,2052.387034200024,vis1,3,1,sound,253.0,23.0,,0.0,True,False,True,False,True,False,False,False,True,False,False,False,False,False,True,False,False,True,False,False,False,True,False,False,False
2054.0052536000235,2054.0052536000235,2055.5062638000322,2055.4962638000325,2055.6061559000022,2055.9962638000325,2055.856413399984,2056.5081023000034,2056.5081023000034,2058.5255965000338,2059.5263791999982,sound1,1,1,sound,254.0,24.0,,0.0,True,True,False,True,False,False,False,True,False,True,False,True,False,True,False,False,True,False,False,False,False,True,False,False,False
2060.427238499987,2060.427238499987,2061.9283514000213,2061.9283514000213,2062.0285877999936,2062.4287719000217,2062.545459800001,2062.9290981000026,2062.9290981000026,2064.947790500018,2065.9484298999973,vis1,3,1,sound,255.0,25.0,,0.0,True,False,True,False,True,False,False,False,True,False,False,False,False,False,True,False,False,True,False,False,False,True,False,False,False
2068.1172103000076,2068.1172103000076,2069.61823760003,2069.61823760003,2069.7184407999825,2069.61823760003,,2070.6197687999897,2070.6197687999897,2072.637451099997,2073.638358799982,catch,0,1,sound,,,,,False,True,False,False,False,False,False,False,False,False,False,False,False,False,False,True,False,False,False,False,False,True,False,False,False
2073.7717911999875,2073.7717911999875,2075.2897518000186,2075.2897518000186,2075.3898778000234,2075.790242900033,,2076.2908084000314,2076.2908084000314,2078.309032400031,2079.309859199982,vis2,4,1,sound,256.0,26.0,,0.0,False,True,False,False,False,True,False,False,True,False,False,False,False,False,True,False,False,False,False,True,False,True,False,False,False
2080.894735999996,2080.894735999996,2082.4125612999865,2082.4025612999867,2082.513006499977,2082.9025612999867,2082.7797597000113,2083.413428700014,2083.413428700014,2085.432303200019,2086.4326922000123,sound1,1,1,sound,257.0,27.0,,0.0,True,True,False,True,False,False,False,True,False,True,False,True,False,True,False,False,True,False,False,False,False,True,False,False,False
2086.8496917000243,2086.8496917000243,2088.352068400019,2088.3420684000193,2088.451133299977,2088.8420684000193,,2089.3685579000244,2089.3685579000244,2091.3703652999916,2092.38774699998,sound1,1,1,sound,258.0,28.0,,0.0,False,False,True,False,False,False,True,True,False,False,False,False,False,True,False,False,True,False,False,False,False,True,False,False,False
2092.621526499986,2092.621526499986,2094.1225704000185,2094.1225704000185,2094.222702800014,2094.6246399000024,,2095.123458400028,2095.123458400028,2097.142216800022,2098.143007699991,vis2,4,1,sound,259.0,29.0,,0.0,False,True,False,False,False,True,False,False,True,False,False,False,False,False,True,False,False,False,False,True,False,True,False,False,False
2098.6599621999862,2098.6599621999862,2100.178310099998,2100.168310099998,2100.278246100011,2100.668310099998,2100.4780118999856,2101.1786363999795,2101.1786363999795,2103.1972934000164,2104.198318100019,sound1,1,1,sound,260.0,30.0,,0.0,True,True,False,True,False,False,False,True,False,True,False,True,False,True,False,False,True,False,False,False,False,True,False,False,False
2105.6157444000214,2105.6157444000214,2107.133786500033,2107.123786500033,2107.2338204999774,2107.623786500033,2107.5174777000298,2108.1346611999993,2108.1346611999993,2110.153228199991,2111.1540861000044,sound2,2,1,sound,261.0,31.0,,0.0,True,False,True,False,True,False,False,False,True,False,False,False,False,True,False,False,False,False,True,False,False,True,False,False,False
2111.220755200027,2111.220755200027,2112.721871300027,2112.7118713000273,2112.821935000023,2113.2118713000273,2113.0391889999823,2113.739609299993,2113.739609299993,2115.7411292999836,2116.758700600019,sound2,2,1,sound,262.0,32.0,,0.0,True,False,True,False,True,False,False,False,True,False,False,False,False,True,False,False,False,False,True,False,False,True,False,False,False
2118.626916799994,2118.626916799994,2120.1450017999828,2120.1450017999828,2120.245004899983,2120.6457626000133,2120.795480099981,2121.1457629000156,2121.1457629000156,2123.147489500008,2124.1655463000147,vis1,3,1,sound,263.0,33.0,,0.0,True,False,True,False,True,False,False,False,True,False,False,False,False,False,True,False,False,True,False,False,False,True,False,False,False
2125.916581499981,2125.916581499981,2127.4344906000274,2127.4344906000274,2127.534651000003,2127.9354369000152,,2128.4353724999905,2128.4353724999905,2130.438101599991,2131.4551716999936,vis2,4,1,sound,264.0,34.0,,0.0,False,True,False,False,False,True,False,False,True,False,False,False,False,False,True,False,False,False,False,True,False,True,False,False,False
2132.6723523999767,2132.6723523999767,2134.1904150000278,2134.180415000028,2134.2906227000144,2134.680415000028,,2135.1912566000333,2135.1912566000333,2137.193022799978,2138.210450800028,sound1,1,1,sound,265.0,35.0,,0.0,False,False,True,False,False,False,True,True,False,False,False,False,False,True,False,False,True,False,False,False,False,True,False,False,False
2141.863607399989,2141.863607399989,2143.3654015000297,2143.3654015000297,2143.4654123000305,2143.8652707000233,,2144.3659315999917,2144.3659315999917,2146.3843166999955,2147.3849841000133,vis1,3,1,sound,266.0,36.0,,0.0,False,True,False,False,False,True,False,False,True,False,False,False,False,False,True,False,False,True,False,False,False,True,False,False,False
2147.518790700016,2147.518790700016,2149.03682550003,2149.03682550003,2149.136909500006,2149.5368372000025,,2150.037216199978,2150.037216199978,2152.055643500012,2153.056462200018,vis2,4,1,sound,267.0,37.0,,0.0,False,True,False,False,False,True,False,False,True,False,False,False,False,False,True,False,False,False,False,True,False,True,False,False,False
2153.2900521999777,2153.2900521999777,2154.7925831999833,2154.7825831999835,2154.8918286999774,2155.2825831999835,,2155.8091882999956,2155.8091882999956,2157.811073200029,2158.8282938000134,sound2,2,1,sound,268.0,38.0,,0.0,False,True,False,False,False,True,False,False,True,False,False,False,False,True,False,False,False,False,True,False,False,True,False,False,False
2160.813151500022,2160.813151500022,2162.3312970000056,2162.3312970000056,2162.4317700000333,2162.8316082999895,,2163.332157199978,2163.332157199978,2165.334754800025,2166.3514572000217,vis1,3,1,sound,269.0,39.0,,0.0,False,True,False,False,False,True,False,False,True,False,False,False,False,False,True,False,False,True,False,False,False,True,False,False,False
2168.136347100031,2168.136347100031,2169.6542555000137,2169.6542555000137,2169.754508099993,2170.1547745000075,,2170.6548868999903,2170.6548868999903,2172.6733318999845,2173.674173099987,vis2,4,1,sound,270.0,40.0,,0.0,False,True,False,False,False,True,False,False,True,False,False,False,False,False,True,False,False,False,False,True,False,True,False,False,False
2175.5925082999834,2175.5925082999834,2177.1104864000313,2177.1004864000315,2177.2105808000283,2177.6004864000315,2177.427387400015,2178.1113027000188,2178.1113027000188,2180.1297064999903,2181.1305627999914,sound1,1,1,sound,271.0,41.0,,0.0,True,True,False,True,False,False,False,True,False,True,False,True,False,True,False,False,True,False,False,False,False,True,False,False,False
2182.09808189999,2182.09808189999,2183.6160440000326,2183.606044000033,2183.7161683000245,2184.106044000033,,2184.6171408000023,2184.6171408000023,2186.6353420000028,2187.6361876999813,sound2,2,1,sound,272.0,42.0,,0.0,False,True,False,False,False,True,False,False,True,False,False,False,False,True,False,False,False,False,True,False,False,True,False,False,False
2191.2895599000126,2191.2895599000126,2192.7905981000017,2192.780598100002,2192.8906719000165,2193.280598100002,,2193.808113400018,2193.808113400018,2195.810206200005,2196.811066999982,sound2,2,1,sound,273.0,43.0,,0.0,False,True,False,False,False,True,False,False,True,False,False,False,False,True,False,False,False,False,True,False,False,True,False,False,False
2197.1777147000043,2197.1777147000043,2198.6794322999863,2198.6794322999863,2198.779053999993,2199.1794137000193,2199.19649489999,2199.6799507000337,2199.6799507000337,2201.698441600028,2202.6990827000204,vis1,3,1,sound,274.0,44.0,,0.0,True,False,True,False,True,False,False,False,True,False,False,False,False,False,True,False,False,True,False,False,False,True,False,False,False
2203.19983050001,2203.19983050001,2204.7179827999876,2204.7179827999876,2204.8176055000017,2205.2179592999832,,2205.718536800015,2205.718536800015,2207.7367113999876,2208.737617400018,vis2,4,1,sound,275.0,45.0,,0.0,False,True,False,False,False,True,False,False,True,False,False,False,False,False,True,False,False,False,False,True,False,True,False,False,False
2209.037857000026,2209.037857000026,2210.5392948000313,2210.5292948000315,2210.6396387000073,2211.0292948000315,,2211.5567292000137,2211.5567292000137,2213.5584584000258,2214.560573000004,sound1,1,1,sound,276.0,46.0,,0.0,False,False,True,False,False,False,True,True,False,False,False,False,False,True,False,False,True,False,False,False,False,True,False,False,False
2214.7931479999766,2214.7931479999766,2216.2941984000004,2216.2941984000004,2216.3942737000266,2216.2941984000004,,2217.2949589000286,2217.2949589000286,2219.3136999000067,2220.3147063999872,catch,0,1,sound,,,,,False,True,False,False,False,False,False,False,False,False,False,False,False,False,False,True,False,False,False,False,False,True,False,False,False
2221.181620099998,2221.181620099998,2222.6997768000087,2222.689776800009,2222.799913299977,2223.189776800009,2223.0167067999805,2223.7004057000245,2223.7004057000245,2225.7193985999997,2226.719682400007,sound2,2,1,sound,277.0,47.0,,0.0,True,False,True,False,True,False,False,False,True,False,False,False,False,True,False,False,False,False,True,False,False,True,False,False,False
2227.5537367999873,2227.5537367999873,2229.071905999977,2229.071905999977,2229.1718013000295,2229.071905999977,,2230.072586899981,2230.072586899981,2232.091444899977,2233.0918770000076,catch,0,1,sound,,,,,False,True,False,False,False,False,False,False,False,False,False,False,False,False,False,True,False,False,False,False,False,True,False,False,False
2235.860896000007,2235.860896000007,2237.362143100015,2237.362143100015,2237.462259500005,2237.8626251000182,2237.8960659999952,2238.363579700011,2238.363579700011,2240.3985486999823,2241.3989796000037,vis1,3,1,sound,278.0,48.0,,0.0,True,False,True,False,True,False,False,False,True,False,False,False,False,False,True,False,False,True,False,False,False,True,False,False,False
2245.118850099979,2245.118850099979,2246.636903300017,2246.626903300017,2246.73701619998,2247.126903300017,2247.354258899993,2247.637653500025,2247.637653500025,2249.6563383999833,2250.6571248999767,sound1,1,1,sound,279.0,49.0,,0.0,True,True,False,True,False,False,False,True,False,True,False,True,False,True,False,False,True,False,False,False,False,True,False,False,False
2251.7411484000127,2251.7411484000127,2253.2592000999807,2253.2592000999807,2253.359237200007,2253.759795300031,2253.759795300031,2254.260040300034,2254.260040300034,2256.261709299995,2257.2792349000315,vis1,3,1,sound,280.0,50.0,,0.0,True,False,True,False,True,False,False,False,True,False,False,False,False,False,True,False,False,True,False,False,False,True,False,False,False
2257.3794543999916,2257.3794543999916,2258.8806388999888,2258.8806388999888,2258.9807288000097,2259.3814658999995,,2259.8815872999926,2259.8815872999926,2261.89987219999,2262.9007586999883,vis1,3,1,sound,281.0,51.0,,0.0,False,True,False,False,False,True,False,False,True,False,False,False,False,False,True,False,False,True,False,False,False,True,False,False,False
2267.45502360003,2267.45502360003,2268.956407100029,2268.9464071000293,2269.0560192000207,2269.4464071000293,,2269.956813699982,2269.956813699982,2271.97523629998,2272.976037600028,sound1,1,1,sound,282.0,52.0,,0.0,False,False,True,False,False,False,True,True,False,False,False,False,False,True,False,False,True,False,False,False,False,True,False,False,False
2273.126450099991,2273.126450099991,2274.6442033000144,2274.6342033000146,2274.7442363000096,2275.1342033000146,2275.094519899992,2275.6450522000173,2275.6450522000173,2277.663891999991,2278.6642970999906,sound2,2,1,sound,283.0,53.0,,0.0,True,False,True,False,True,False,False,False,True,False,False,False,False,True,False,False,False,False,True,False,False,True,False,False,False
2279.2650233000254,2279.2650233000254,2280.7664489999966,2280.756448999997,2280.8661471000028,2281.256448999997,,2281.7836599000234,2281.7836599000234,2283.785344499987,2284.8030603000166,sound2,2,1,sound,284.0,54.0,,0.0,False,True,False,False,False,True,False,False,True,False,False,False,False,True,False,False,False,False,True,False,False,True,False,False,False
2289.340473100028,2289.340473100028,2290.841945200003,2290.841945200003,2290.941493000029,2291.342722299983,,2291.859185000017,2291.859185000017,2293.860861499977,2294.8628626000223,vis2,4,1,sound,285.0,55.0,,0.0,False,True,False,False,False,True,False,False,True,False,False,False,False,False,True,False,False,False,False,True,False,True,False,False,False
2295.212099100006,2295.212099100006,2296.7136041999997,2296.7036042,2296.8135982999897,2297.2036042,,2297.7146392000227,2297.7146392000227,2299.732547400004,2300.7333714999927,sound1,1,1,sound,286.0,56.0,,0.0,False,False,True,False,False,False,True,True,False,False,False,False,False,True,False,False,True,False,False,False,False,True,False,False,False
2301.3670999999827,2301.3670999999827,2302.885050999999,2302.885050999999,2302.985369100011,2303.3859451999974,,2303.8859074000006,2303.8859074000006,2305.9042996000003,2306.9051831999764,vis2,4,1,sound,287.0,57.0,,0.0,False,True,False,False,False,True,False,False,True,False,False,False,False,False,True,False,False,False,False,True,False,True,False,False,False
2307.0719718000123,2307.0719718000123,2308.573414199994,2308.5634141999944,2308.6736955000174,2309.0634141999944,,2309.590811999989,2309.590811999989,2311.5925383999797,2312.5936029999953,sound2,2,1,sound,288.0,58.0,,0.0,False,True,False,False,False,True,False,False,True,False,False,False,False,True,False,False,False,False,True,False,False,True,False,False,False
2313.544463699983,2313.544463699983,2315.0454944000317,2315.0454944000317,2315.145822900007,2315.545932699993,2315.595980499996,2316.0465235000097,2316.0465235000097,2318.0651908000086,2319.0660580000344,vis1,3,1,sound,289.0,59.0,,0.0,True,False,True,False,True,False,False,False,True,False,False,False,False,False,True,False,False,True,False,False,False,True,False,False,False
2319.767536000008,2319.767536000008,2321.2843817999906,2321.2843817999906,2321.3844506000255,2321.7846500999963,,2322.285047199993,2322.285047199993,2324.3038956000323,2325.304314800023,vis1,3,1,sound,290.0,60.0,,0.0,False,True,False,False,False,True,False,False,True,False,False,False,False,False,True,False,False,True,False,False,False,True,False,False,False
2326.6224866000207,2326.6224866000207,2328.1403100999974,2328.1303100999976,2328.2407588000146,2328.6303100999976,,2329.1411646999854,2329.1411646999854,2331.159536700006,2332.160257000019,sound1,1,1,sound,291.0,61.0,,0.0,False,False,True,False,False,False,True,True,False,False,False,False,False,True,False,False,True,False,False,False,False,True,False,False,False
2332.744268900025,2332.744268900025,2334.262467700007,2334.262467700007,2334.362475899988,2334.262467700007,,2335.263321899992,2335.263321899992,2337.265217799993,2338.2822936999814,catch,0,1,sound,,,,,False,True,False,False,False,False,False,False,False,False,False,False,False,False,False,True,False,False,False,False,False,True,False,False,False
2340.3839225000206,2340.3839225000206,2341.9020683000067,2341.9020683000067,2342.002463600025,2342.4023021999833,,2342.9029205999773,2342.9029205999773,2344.921496399978,2345.9224072999873,vis2,4,1,sound,292.0,62.0,,0.0,False,True,False,False,False,True,False,False,True,False,False,False,False,False,True,False,False,False,False,True,False,True,False,False,False
2346.9895918000343,2346.9895918000343,2348.507661500023,2348.507661500023,2348.607659699986,2349.008177899997,,2349.508394700018,2349.508394700018,2351.511133100031,2352.527658400018,vis2,4,1,sound,293.0,63.0,,0.0,False,True,False,False,False,True,False,False,True,False,False,False,False,False,True,False,False,False,False,True,False,True,False,False,False
2353.011588600007,2353.011588600007,2354.5127390999783,2354.5027390999785,2354.6129905000066,2355.0027390999785,,2355.530289100026,2355.530289100026,2357.5324636999953,2358.5333410999824,sound2,2,1,sound,294.0,64.0,,0.0,False,True,False,False,False,True,False,False,True,False,False,False,False,True,False,False,False,False,True,False,False,True,False,False,False
2359.1166745000023,2359.1166745000023,2360.61839550001,2360.61839550001,2360.718435600001,2361.118321900032,2361.369046800022,2361.618771500021,2361.618771500021,2363.637235999989,2364.63804140001,vis1,3,1,sound,295.0,65.0,,0.0,True,False,True,False,True,False,False,False,True,False,False,False,False,False,True,False,False,True,False,False,False,True,False,False,False
2368.2911814000195,2368.2911814000195,2369.809405400019,2369.809405400019,2369.9095312000222,2369.809405400019,,2370.8102092000277,2370.8102092000277,2372.812822400019,2373.82945660002,catch,0,1,sound,,,,,False,True,False,False,False,False,False,False,False,False,False,False,False,False,False,True,False,False,False,False,False,True,False,False,False
2374.0129658000164,2374.0129658000164,2375.514038300034,2375.504038300034,2375.614120699998,2376.004038300034,2375.86485880003,2376.5319695000157,2376.5319695000157,2378.5333190999895,2379.5345561999798,sound1,1,1,sound,296.0,66.0,,0.0,True,True,False,True,False,False,False,True,False,True,False,True,False,True,False,False,True,False,False,False,False,True,False,False,False
2379.7511466000083,2379.7511466000083,2381.2691721000097,2381.2691721000097,2381.3694296000263,2381.76943470003,,2382.26985619998,2382.26985619998,2384.288258299997,2385.289104499979,vis1,3,1,sound,297.0,67.0,,0.0,False,True,False,False,False,True,False,False,True,False,False,False,False,False,True,False,False,True,False,False,False,True,False,False,False
2385.4396495000196,2385.4396495000196,2386.9412628000223,2386.9412628000223,2387.0416933000174,2386.9412628000223,,2387.9585425999917,2387.9585425999917,2389.959766399997,2390.9776131999765,catch,0,1,sound,,,,,False,True,False,False,False,False,False,False,False,False,False,False,False,False,False,True,False,False,False,False,False,True,False,False,False
2392.361890400012,2392.361890400012,2393.8632312999775,2393.853231299978,2393.9640208000287,2394.353231299978,2394.196983399984,2394.880691099979,2394.880691099979,2396.8823695000115,2397.8999727999994,sound1,1,1,sound,298.0,68.0,,0.0,True,True,False,True,False,False,False,True,False,True,False,True,False,True,False,False,True,False,False,False,False,True,False,False,False
2398.133713900004,2398.133713900004,2399.6347694000083,2399.6347694000083,2399.734848200003,2399.6347694000083,,2400.6356023000058,2400.6356023000058,2402.65400540003,2403.6552950000128,catch,0,1,sound,,,,,False,True,False,False,False,False,False,False,False,False,False,False,False,False,False,True,False,False,False,False,False,True,False,False,False
2403.738249800002,2403.738249800002,2405.256638200031,2405.256638200031,2405.356602800029,2405.7569201000238,,2406.257149700026,2406.257149700026,2408.2757305000064,2409.2765982999786,vis2,4,1,sound,299.0,69.0,,0.0,False,True,False,False,False,True,False,False,True,False,False,False,False,False,True,False,False,False,False,True,False,True,False,False,False
2409.810660000026,2409.810660000026,2411.313071399994,2411.313071399994,2411.412747300006,2411.8285409000323,,2412.328996000005,2412.328996000005,2414.330701700013,2415.3484169999806,vis2,4,1,sound,300.0,70.0,,0.0,False,True,False,False,False,True,False,False,True,False,False,False,False,False,True,False,False,False,False,True,False,True,False,False,False
2415.7320974000118,2415.7320974000118,2417.2332181999896,2417.22321819999,2417.333319099978,2417.72321819999,2417.6168609000247,2418.2341590999945,2418.2341590999945,2420.2525923000153,2421.253766699994,sound1,1,1,sound,301.0,71.0,,0.0,True,True,False,True,False,False,False,True,False,True,False,True,False,True,False,False,True,False,False,False,False,True,False,False,False
2422.354288399985,2422.354288399985,2423.8558253999886,2423.845825399989,2423.9561686000175,2424.345825399989,,2424.856397999983,2424.856397999983,2426.8752596000063,2427.8761021000187,sound2,2,1,sound,302.0,72.0,,0.0,False,True,False,False,False,True,False,False,True,False,False,False,False,True,False,False,False,False,True,False,False,True,False,False,False
2431.0116555999934,2431.0116555999934,2432.529826899999,2432.529826899999,2432.630219299995,2433.0301044000166,,2433.530491399995,2433.530491399995,2435.532210099985,2436.550264400031,vis2,4,1,sound,303.0,73.0,,0.0,False,True,False,False,False,True,False,False,True,False,False,False,False,False,True,False,False,False,False,True,False,True,False,False,False
2437.767901499997,2437.767901499997,2439.268764099988,2439.258764099988,2439.36888079998,2439.758764099988,,2440.2862684999795,2440.2862684999795,2442.2880259000317,2443.2903445999923,sound2,2,1,sound,304.0,74.0,,0.0,False,True,False,False,False,True,False,False,True,False,False,False,False,True,False,False,False,False,True,False,False,True,False,False,False
2443.739274300003,2443.739274300003,2445.241110900018,2445.2311109000184,2445.3410005000273,2445.7311109000184,,2446.2413986999977,2446.2413986999977,2448.2602842000283,2449.2610818999906,sound1,1,1,sound,305.0,75.0,,0.0,False,False,True,False,False,False,True,True,False,False,False,False,False,True,False,False,True,False,False,False,False,True,False,False,False
2449.444186999995,2449.444186999995,2450.962207400016,2450.962207400016,2451.0627819000015,2451.4625367000203,,2451.963240700026,2451.963240700026,2453.981599500004,2454.982423499992,vis2,4,1,sound,306.0,76.0,,0.0,False,True,False,False,False,True,False,False,True,False,False,False,False,False,True,False,False,False,False,True,False,True,False,False,False
2455.4328333999815,2455.4328333999815,2456.9506978999793,2456.9506978999793,2457.0507496000005,2457.451401499982,,2457.9515088999847,2457.9515088999847,2459.9536330999777,2460.9709759000193,vis2,4,1,sound,307.0,77.0,,0.0,False,True,False,False,False,True,False,False,True,False,False,False,False,False,True,False,False,False,False,True,False,True,False,False,False
2463.539588299996,2463.539588299996,2465.0581361000163,2465.0581361000163,2465.158243499996,2465.558214200029,2465.59163639998,2466.05845239998,2466.05845239998,2468.076976799997,2469.0780095000023,vis1,3,1,sound,308.0,78.0,,0.0,True,False,True,False,True,False,False,False,True,False,False,False,False,False,True,False,False,True,False,False,False,True,False,False,False
2469.2947592000214,2469.2947592000214,2470.7971204000146,2470.7971204000146,2470.895939700023,2471.312969000029,2471.3634257000026,2471.81333839999,2471.81333839999,2473.815042199983,2474.8326434000132,vis1,3,1,sound,309.0,79.0,,0.0,True,False,True,False,True,False,False,False,True,False,False,False,False,False,True,False,False,True,False,False,False,True,False,False,False
2476.4173414000047,2476.4173414000047,2477.9189028000196,2477.90890280002,2478.019068699979,2478.40890280002,,2478.9363585999904,2478.9363585999904,2480.937850900003,2481.9556008000013,sound2,2,1,sound,310.0,80.0,,0.0,False,True,False,False,False,True,False,False,True,False,False,False,False,True,False,False,False,False,True,False,False,True,False,False,False
2482.0054553999885,2482.0054553999885,2483.5067020999936,2483.496702099994,2483.606810799983,2483.996702099994,,2484.5075758000107,2484.5075758000107,2486.526060100013,2487.5268585999816,sound2,2,1,sound,311.0,81.0,,0.0,False,True,False,False,False,True,False,False,True,False,False,False,False,True,False,False,False,False,True,False,False,True,False,False,False
2488.695741000012,2488.695741000012,2490.2128044000215,2490.2028044000217,2490.312752300009,2490.7028044000217,,2491.213852900031,2491.213852900031,2493.2317101000313,2494.2325883000244,sound1,1,1,sound,312.0,82.0,,0.0,False,False,True,False,False,False,True,True,False,False,False,False,False,True,False,False,True,False,False,False,False,True,False,False,False
2495.0833227000053,2495.0833227000053,2496.60127480003,2496.60127480003,2496.7013875999924,2497.101943199997,2497.2020431999786,2497.602157499999,2497.602157499999,2499.621035000027,2500.6214012000214,vis1,3,1,sound,313.0,83.0,,0.0,True,False,True,False,True,False,False,False,True,False,False,False,False,False,True,False,False,True,False,False,False,True,False,False,False
2500.938358700028,2500.938358700028,2502.44001780003,2502.44001780003,2502.5409369000204,2502.44001780003,,2503.4576457000308,2503.4576457000308,2505.4589777999877,2506.476724000016,catch,0,1,sound,,,,,False,True,False,False,False,False,False,False,False,False,False,False,False,False,False,True,False,False,False,False,False,True,False,False,False
2510.9802815999806,2510.9802815999806,2512.4815545000106,2512.471554500011,2512.5816848999907,2512.971554500011,,2513.4993493000015,2513.4993493000015,2515.5008712000067,2516.50205150003,sound2,2,1,sound,314.0,84.0,,0.0,False,True,False,False,False,True,False,False,True,False,False,False,False,True,False,False,False,False,True,False,False,True,False,False,False
2518.086424799994,2518.086424799994,2519.604426799991,2519.604426799991,2519.7044621000036,2520.1052815999806,,2520.605530500013,2520.605530500013,2522.6072418000053,2523.6247511000342,vis2,4,1,sound,315.0,85.0,,0.0,False,True,False,False,False,True,False,False,True,False,False,False,False,False,True,False,False,False,False,True,False,True,False,False,False
2532.79904750002,2532.79904750002,2534.3172566000226,2534.307256600023,2534.4172876000025,2534.807256600023,2534.734211499986,2535.318324900008,2535.318324900008,2537.319616500006,2538.3370857000205,sound1,1,1,sound,316.0,86.0,,0.0,True,True,False,True,False,False,False,True,False,True,False,True,False,True,False,False,True,False,False,False,False,True,False,False,False
2570.8316518000297,2570.8316518000297,2572.333444600002,2572.3234446000024,2572.4334933000005,2572.8234446000024,,2573.350687399981,2573.350687399981,2575.3526485000125,2576.369994300019,sound1,1,1,sound,317.0,87.0,,0.0,False,False,True,False,False,False,True,True,False,False,False,False,False,True,False,False,True,False,False,False,False,True,False,False,False
2578.588328499996,2578.588328499996,2580.1063174000096,2580.09631740001,2580.206621400031,2580.59631740001,2580.206621400031,2581.10745379999,2581.10745379999,2583.1255851999827,2584.1264104999805,sound1,1,1,sound,318.0,88.0,,0.0,True,True,False,True,False,False,False,True,False,True,False,True,False,True,False,False,True,False,False,False,False,True,False,False,False
2587.3461026999953,2587.3461026999953,2588.847086000032,2588.847086000032,2588.947242899981,2589.3480357999883,2589.3143374000297,2589.8480119999817,2589.8480119999817,2591.8664124999864,2592.867265300019,vis1,3,1,sound,319.0,89.0,,0.0,True,False,True,False,True,False,False,False,True,False,False,False,False,False,True,False,False,True,False,False,False,True,False,False,False
2595.519729500005,2595.519729500005,2597.021181800004,2597.021181800004,2597.121248800025,2597.021181800004,,2598.0385767999774,2598.0385767999774,2600.0400776999973,2601.0578451000124,catch,0,1,sound,,,,,False,True,False,False,False,False,False,False,False,False,False,False,False,False,False,True,False,False,False,False,False,True,False,False,False
2604.6106745000084,2604.6106745000084,2606.1121089999883,2606.1021089999886,2606.2123653999965,2606.6021089999886,,2607.112819099982,2607.112819099982,2609.131640099987,2610.132485800024,sound2,2,1,sound,320.0,90.0,,0.0,False,True,False,False,False,True,False,False,True,False,False,False,False,True,False,False,False,False,True,False,False,True,False,False,False
2614.4194180999853,2614.4194180999853,2615.9375513999926,2615.9375513999926,2616.0370940999796,2616.4376608000107,,2616.937903199994,2616.937903199994,2618.9563864999886,2619.9571409000287,vis2,4,1,sound,321.0,91.0,,0.0,False,True,False,False,False,True,False,False,True,False,False,False,False,False,True,False,False,False,False,True,False,True,False,False,False
2621.7589428000006,2621.7589428000006,2623.2599915000114,2623.2499915000117,2623.360086900016,2623.7499915000117,,2624.260831800007,2624.260831800007,2626.2794795000314,2627.2802399000007,sound1,1,1,sound,322.0,92.0,,0.0,False,False,True,False,False,False,True,True,False,False,False,False,False,True,False,False,True,False,False,False,False,True,False,False,False
2627.4969761000334,2627.4969761000334,2629.014965899996,2629.014965899996,2629.115012599979,2629.51550789999,2629.5823721999855,2630.015783599994,2630.015783599994,2632.034470300024,2633.03504440003,vis1,3,1,sound,323.0,93.0,,0.0,True,False,True,False,True,False,False,False,True,False,False,False,False,False,True,False,False,True,False,False,False,True,False,False,False
2634.3528461000037,2634.3528461000037,2635.8708166999945,2635.8608166999948,2635.971107800034,2636.3608166999948,,2636.8718425000056,2636.8718425000056,2638.87490080001,2639.8910870999766,sound2,2,1,sound,324.0,94.0,,0.0,False,True,False,False,False,True,False,False,True,False,False,False,False,True,False,False,False,False,True,False,False,True,False,False,False
2640.307958900006,2640.307958900006,2641.809232899986,2641.7992328999862,2641.909336899998,2642.2992328999862,2641.926016799998,2642.826951899982,2642.826951899982,2644.8289059000176,2645.8460396999812,sound2,2,1,sound,325.0,95.0,,0.0,True,False,True,False,True,False,False,False,True,False,False,False,False,True,False,False,False,False,True,False,False,True,False,False,False
2645.8629457000147,2645.8629457000147,2647.3639684000022,2647.3539684000025,2647.4640656000206,2647.8539684000025,,2648.365343799998,2648.365343799998,2650.383246799998,2651.3841293000237,sound2,2,1,sound,326.0,96.0,,0.0,False,True,False,False,False,True,False,False,True,False,False,False,False,True,False,False,False,False,True,False,False,True,False,False,False
2652.251508600029,2652.251508600029,2653.769678500024,2653.769678500024,2653.8697693999943,2654.2699307000235,,2654.7705026000126,2654.7705026000126,2656.788815299989,2657.790193800008,vis2,4,1,sound,327.0,97.0,,0.0,False,True,False,False,False,True,False,False,True,False,False,False,False,False,True,False,False,False,False,True,False,True,False,False,False
2660.759221600028,2660.759221600028,2662.2601047000003,2662.2601047000003,2662.360183399994,2662.760791199989,2662.777225599982,2663.2779629000083,2663.2779629000083,2665.2794365999957,2666.2802060000336,vis1,3,1,sound,328.0,98.0,,0.0,True,False,True,False,True,False,False,False,True,False,False,False,False,False,True,False,False,True,False,False,False,True,False,False,False
2666.531402800008,2666.531402800008,2668.0483965000108,2668.0483965000108,2668.148514500013,2668.5490400000213,2668.732306700034,2669.0492837000143,2669.0492837000143,2671.0678519000153,2672.06873529999,vis2,4,1,sound,329.0,99.0,,0.0,True,False,True,False,True,False,False,False,True,False,False,False,False,False,True,False,False,False,False,True,False,True,False,False,False
2672.3854640000004,2672.3854640000004,2673.9034751000086,2673.9034751000086,2674.003628499989,2674.4042723000252,2674.471107500032,2674.9043037000315,2674.9043037000315,2676.9065239999995,2677.9237990999914,vis1,3,1,sound,330.0,100.0,,0.0,True,False,True,False,True,False,False,False,True,False,False,False,False,False,True,False,False,True,False,False,False,True,False,False,False
2678.0070150999904,2678.0070150999904,2679.508329999991,2679.4983299999913,2679.6084789999964,2679.9983299999913,2679.9090114000223,2680.5101995000236,2680.5101995000236,2682.5275325999914,2683.528410699984,sound1,1,1,sound,331.0,101.0,,0.0,True,True,False,True,False,False,False,True,False,True,False,True,False,True,False,False,True,False,False,False,False,True,False,False,False
2683.5617572999995,2683.5617572999995,2685.0799081000237,2685.0799081000237,2685.179985000004,2685.580140799991,,2686.0806550000066,2686.0806550000066,2688.099010400017,2689.099845700033,vis1,3,1,sound,332.0,102.0,,0.0,False,True,False,False,False,True,False,False,True,False,False,False,False,False,True,False,False,True,False,False,False,True,False,False,False
2689.683937500007,2689.683937500007,2691.185757800014,2691.1757578000143,2691.301892200028,2691.6757578000143,2691.5685787000198,2692.203035700027,2692.203035700027,2694.2045646000274,2695.2218880999803,sound2,2,1,sound,333.0,103.0,,0.0,True,False,True,False,True,False,False,False,True,False,False,False,False,True,False,False,False,False,True,False,False,True,False,False,False
2695.538912300029,2695.538912300029,2697.0400074999866,2697.0400074999866,2697.1400523000134,2697.5407638999836,,2698.040978099985,2698.040978099985,2700.0592774999764,2701.0601451000052,vis2,4,1,sound,334.0,104.0,,0.0,False,True,False,False,False,True,False,False,True,False,False,False,False,False,True,False,False,False,False,True,False,True,False,False,False
2701.1269000999832,2701.1269000999832,2702.64480399999,2702.64480399999,2702.7450479000195,2703.1452494000055,,2703.646057399988,2703.646057399988,2705.663992800002,2706.6651245000044,vis2,4,1,sound,335.0,105.0,,0.0,False,True,False,False,False,True,False,False,True,False,False,False,False,False,True,False,False,False,False,True,False,True,False,False,False
2707.398874300017,2707.398874300017,2708.9172730000078,2708.9172730000078,2709.017357299986,2709.4175740000296,,2709.917711400028,2709.917711400028,2711.91947750003,2712.9372214999835,vis2,4,1,sound,336.0,106.0,,0.0,False,True,False,False,False,True,False,False,True,False,False,False,False,False,True,False,False,False,False,True,False,True,False,False,False
2713.320777800001,2713.320777800001,2714.822285700016,2714.812285700016,2714.9220139000186,2715.312285700016,,2715.8397787999797,2715.8397787999797,2717.8414560000033,2718.842005299995,sound1,1,1,sound,337.0,107.0,,0.0,False,False,True,False,False,False,True,True,False,False,False,False,False,True,False,False,True,False,False,False,False,True,False,False,False
2720.0263944999983,2720.0263944999983,2721.5276787999987,2721.5276787999987,2721.6279768000327,2722.028140100019,,2722.529034900022,2722.529034900022,2724.547004600006,2725.5478265999786,vis1,3,1,sound,338.0,108.0,,0.0,False,True,False,False,False,True,False,False,True,False,False,False,False,False,True,False,False,True,False,False,False,True,False,False,False
2726.415179400015,2726.415179400015,2727.9165023000182,2727.9065023000185,2728.0165365000225,2728.4065023000185,,2728.9173541999858,2728.9173541999858,2730.9359609999897,2731.9369865999993,sound1,1,1,sound,339.0,109.0,,0.0,False,False,True,False,False,False,True,True,False,False,False,False,False,True,False,False,True,False,False,False,False,True,False,False,False
2732.170106299987,2732.170106299987,2733.6885970999806,2733.6885970999806,2733.788222700017,2734.1886887999804,,2734.689380400008,2734.689380400008,2736.691322200009,2737.7086551000334,vis2,4,1,sound,340.0,110.0,,0.0,False,True,False,False,False,True,False,False,True,False,False,False,False,False,True,False,False,False,False,True,False,True,False,False,False
2741.678483000034,2741.678483000034,2743.1796468999905,2743.1796468999905,2743.279640000031,2743.6806022999895,,2744.1970956000237,2744.1970956000237,2746.198848699985,2747.2005451999808,vis1,3,1,sound,341.0,111.0,,0.0,False,True,False,False,False,True,False,False,True,False,False,False,False,False,True,False,False,True,False,False,False,True,False,False,False
2747.5167964000225,2747.5167964000225,2749.0179179000056,2749.0179179000056,2749.1183922999858,2749.5183443999936,2749.635588100014,2750.0191475999977,2750.0191475999977,2752.0372041000023,2753.03804600001,vis1,3,1,sound,342.0,112.0,,0.0,True,False,True,False,True,False,False,False,True,False,False,False,False,False,True,False,False,True,False,False,False,True,False,False,False
2753.555107600006,2753.555107600006,2755.0733097000134,2755.0733097000134,2755.1733688000327,2755.573504599984,,2756.0741016999905,2756.0741016999905,2758.0923395999794,2759.09323539999,vis2,4,1,sound,343.0,113.0,,0.0,False,True,False,False,False,True,False,False,True,False,False,False,False,False,True,False,False,False,False,True,False,True,False,False,False
2759.276731200001,2759.276731200001,2760.794802099999,2760.794802099999,2760.8947521000023,2761.29531309999,2761.512159299987,2761.795805900017,2761.795805900017,2763.7974960000224,2764.814802700022,vis1,3,1,sound,344.0,114.0,,0.0,True,False,True,False,True,False,False,False,True,False,False,False,False,False,True,False,False,True,False,False,False,True,False,False,False
2765.9658072000107,2765.9658072000107,2767.4674778999847,2767.457477899985,2767.5676122999953,2767.957477899985,,2768.484643400015,2768.484643400015,2770.4863442999863,2771.48730560003,sound1,1,1,sound,345.0,115.0,,0.0,False,False,True,False,False,False,True,True,False,False,False,False,False,True,False,False,True,False,False,False,False,True,False,False,False
2773.2053964000165,2773.2053964000165,2774.7070145999983,2774.6970145999985,2774.8071865000034,2775.1970145999985,,2775.724326999983,2775.724326999983,2777.725888800001,2778.7280178000306,sound1,1,1,sound,346.0,116.0,,0.0,False,False,True,False,False,False,True,True,False,False,False,False,False,True,False,False,True,False,False,False,False,True,False,False,False
2779.244101800033,2779.244101800033,2780.745667300021,2780.7356673000213,2780.8451878000137,2781.2356673000213,,2781.746547700031,2781.746547700031,2783.764392599996,2784.7652511000138,sound2,2,1,sound,347.0,117.0,,0.0,False,True,False,False,False,True,False,False,True,False,False,False,False,True,False,False,False,False,True,False,False,True,False,False,False
2785.315703400012,2785.315703400012,2786.833664799991,2786.823664799991,2786.933741400027,2787.323664799991,,2787.834532300019,2787.834532300019,2789.852927999987,2790.8537816000257,sound2,2,1,sound,348.0,118.0,,0.0,False,True,False,False,False,True,False,False,True,False,False,False,False,True,False,False,False,False,True,False,False,True,False,False,False
2791.3041761000145,2791.3041761000145,2792.822223100005,2792.812223100005,2792.922286399998,2793.312223100005,,2793.8234518999902,2793.8234518999902,2795.8247147000016,2796.8422609000204,sound2,2,1,sound,349.0,119.0,,0.0,False,True,False,False,False,True,False,False,True,False,False,False,False,True,False,False,False,False,True,False,False,True,False,False,False
2801.3795208000315,2801.3795208000315,2802.897703300006,2802.897703300006,2802.9977623000245,2803.398347500022,2803.5646964000275,2803.8987348000023,2803.8987348000023,2805.9000379000295,2806.917829599997,vis1,3,1,sound,350.0,120.0,,0.0,True,False,True,False,True,False,False,False,True,False,False,False,False,False,True,False,False,True,False,False,False,True,False,False,False
2807.1177410000323,2807.1177410000323,2808.6190702000254,2808.6090702000256,2808.7192904999915,2809.1090702000256,2809.0360347000037,2809.619961400001,2809.619961400001,2811.6383119000325,2812.6391521000273,sound2,2,1,sound,351.0,121.0,,0.0,True,False,True,False,True,False,False,False,True,False,False,False,False,True,False,False,False,False,True,False,False,True,False,False,False
2813.8402485000056,2813.8402485000056,2815.3414576000155,2815.3314576000157,2815.4418535999807,2815.8314576000157,2815.79188079999,2816.3423333999904,2816.3423333999904,2818.3611805000196,2819.3620518000184,sound2,2,1,sound,352.0,122.0,,0.0,True,False,True,False,True,False,False,False,True,False,False,False,False,True,False,False,False,False,True,False,False,True,False,False,False
2819.8123599999903,2819.8123599999903,2821.3302111000025,2821.3302111000025,2821.4304605000157,2821.3302111000025,,2822.3311549000296,2822.3311549000296,2824.3493144000035,2825.350112600028,catch,0,1,sound,,,,,False,True,False,False,False,False,False,False,False,False,False,False,False,False,False,True,False,False,False,False,False,True,False,False,False
2826.0006855999904,2826.0006855999904,2827.503283799984,2827.493283799984,2827.619091800015,2827.993283799984,2827.952289699993,2828.519923800029,2828.519923800029,2830.5211621000285,2831.53908299999,sound1,1,1,sound,353.0,123.0,,0.0,True,True,False,True,False,False,False,True,False,True,False,True,False,True,False,False,True,False,False,False,False,True,False,False,False
2832.4398932000126,2832.4398932000126,2833.941946799992,2833.941946799992,2834.040927000003,2834.4581101000163,,2834.958296699982,2834.958296699982,2836.960083600026,2837.977649600021,vis2,4,1,sound,354.0,124.0,,0.0,False,True,False,False,False,True,False,False,True,False,False,False,False,False,True,False,False,False,False,True,False,True,False,False,False
2839.7795482000306,2839.7795482000306,2841.2971717999985,2841.2971717999985,2841.3971407000295,2841.7979781000263,,2842.2979089000232,2842.2979089000232,2844.2996615999814,2845.3174421999806,vis1,3,1,sound,355.0,125.0,,0.0,False,True,False,False,False,True,False,False,True,False,False,False,False,False,True,False,False,True,False,False,False,True,False,False,False
2847.7363421000277,2847.7363421000277,2849.254225399994,2849.254225399994,2849.3541863000223,2849.254225399994,,2850.2553339999954,2850.2553339999954,2852.2734098000305,2853.274414199995,catch,0,1,sound,,,,,False,True,False,False,False,False,False,False,False,False,False,False,False,False,False,True,False,False,False,False,False,True,False,False,False
2854.374971700026,2854.374971700026,2855.893464000031,2855.8834640000314,2855.9930593000113,2856.3834640000314,,2856.894012400016,2856.894012400016,2858.8956468000047,2859.9135747000196,sound1,1,1,sound,356.0,126.0,,0.0,False,False,True,False,False,False,True,True,False,False,False,False,False,True,False,False,True,False,False,False,False,True,False,False,False
2860.313371000005,2860.313371000005,2861.814673900031,2861.814673900031,2861.9147614000335,2862.3150847000156,2862.4654093000077,2862.8324322999774,2862.8324322999774,2864.8342478000063,2865.835191400032,vis1,3,1,sound,357.0,127.0,,0.0,True,False,True,False,True,False,False,False,True,False,False,False,False,False,True,False,False,True,False,False,False,True,False,False,False
2866.952458399997,2866.952458399997,2868.4536948999826,2868.443694899983,2868.5538059999903,2868.943694899983,,2869.4552567000005,2869.4552567000005,2871.472987900031,2872.4742363999917,sound1,1,1,sound,358.0,128.0,,0.0,False,False,True,False,False,False,True,True,False,False,False,False,False,True,False,False,True,False,False,False,False,True,False,False,False
2872.807498699994,2872.807498699994,2874.32542409999,2874.32542409999,2874.425759000014,2874.8258708000153,,2875.3264523000194,2875.3264523000194,2877.3447010000323,2878.346006200017,vis1,3,1,sound,359.0,129.0,,0.0,False,True,False,False,False,True,False,False,True,False,False,False,False,False,True,False,False,True,False,False,False,True,False,False,False
2878.7292376000055,2878.7292376000055,2880.2473316000046,2880.237331600005,2880.3475446000316,2880.737331600005,,2881.2480469999805,2881.2480469999805,2883.2497765999956,2884.267266499993,sound2,2,1,sound,360.0,130.0,,0.0,False,True,False,False,False,True,False,False,True,False,False,False,False,True,False,False,False,False,True,False,False,True,False,False,False
2887.6870760999823,2887.6870760999823,2889.188214000032,2889.1782140000323,2889.288477499978,2889.6782140000323,,2890.1890527000155,2890.1890527000155,2892.20786730003,2893.208293400015,sound2,2,1,sound,361.0,131.0,,0.0,False,True,False,False,False,True,False,False,True,False,False,False,False,True,False,False,False,False,True,False,False,True,False,False,False
2896.994887700022,2896.994887700022,2898.513037999984,2898.513037999984,2898.6131306000257,2899.0132883000274,,2899.513948699992,2899.513948699992,2901.532320000007,2902.533165099981,vis2,4,1,sound,362.0,132.0,,0.0,False,True,False,False,False,True,False,False,True,False,False,False,False,False,True,False,False,False,False,True,False,True,False,False,False
2903.7173470999783,2903.7173470999783,2905.235494300033,2905.235494300033,2905.3357841000047,2905.735741799997,,2906.2364313000085,2906.2364313000085,2908.2550351999903,2909.2553842000284,vis2,4,1,sound,363.0,133.0,,0.0,False,True,False,False,False,True,False,False,True,False,False,False,False,False,True,False,False,False,False,True,False,True,False,False,False
2909.5060866000217,2909.5060866000217,2911.006948600008,2910.996948600008,2911.1069823000084,2911.496948600008,2911.3905620999953,2912.0246624000224,2912.0246624000224,2914.0262225000274,2915.02782050003,sound2,2,1,sound,364.0,134.0,,0.0,True,False,True,False,True,False,False,False,True,False,False,False,False,True,False,False,False,False,True,False,False,True,False,False,False
2916.36150399998,2916.36150399998,2917.863181400005,2917.863181400005,2917.963022199992,2918.3631952999945,2918.4635599000117,2918.8808283999765,2918.8808283999765,2920.8820535999926,2921.8830243999923,vis1,3,1,sound,365.0,135.0,,0.0,True,False,True,False,True,False,False,False,True,False,False,False,False,False,True,False,False,True,False,False,False,True,False,False,False
2922.316636300014,2922.316636300014,2923.8184160000033,2923.8184160000033,2923.917957999985,2924.318322399989,,2924.819306500032,2924.819306500032,2926.8371444000018,2927.838020799981,vis2,4,1,sound,366.0,136.0,,0.0,False,True,False,False,False,True,False,False,True,False,False,False,False,False,True,False,False,False,False,True,False,True,False,False,False
2928.171653600011,2928.171653600011,2929.689628599977,2929.679628599977,2929.7898811000136,2930.179628599977,2930.2402270999823,2930.690443000008,2930.690443000008,2932.7088782999867,2933.709729500007,sound1,1,1,sound,367.0,137.0,,0.0,True,True,False,True,False,False,False,True,False,True,False,True,False,True,False,False,True,False,False,False,False,True,False,False,False
2934.4439900000084,2934.4439900000084,2935.9618455999966,2935.9618455999966,2936.0625557000253,2936.462191200009,2936.4287261000222,2936.962951300034,2936.962951300034,2938.9643716000223,2939.9818210000026,vis1,3,1,sound,368.0,138.0,,0.0,True,False,True,False,True,False,False,False,True,False,False,False,False,False,True,False,False,True,False,False,False,True,False,False,False
2940.899554800018,2940.899554800018,2942.4006358999845,2942.3906358999848,2942.5005920000344,2942.8906358999848,,2943.4184690000343,2943.4184690000343,2945.4202624000113,2946.421073600018,sound1,1,1,sound,369.0,139.0,,0.0,False,False,True,False,False,False,True,True,False,False,False,False,False,True,False,False,True,False,False,False,False,True,False,False,False
2947.371791900028,2947.371791900028,2948.8727321000274,2948.8627321000276,2948.9728322000096,2949.3627321000276,,2949.8740243000298,2949.8740243000298,2951.8923900000023,2952.8928901000268,sound1,1,1,sound,370.0,140.0,,0.0,False,False,True,False,False,False,True,True,False,False,False,False,False,True,False,False,True,False,False,False,False,True,False,False,False
2953.2598174000245,2953.2598174000245,2954.777782700033,2954.7677827000334,2954.8779359000123,2955.2677827000334,,2955.7786678000207,2955.7786678000207,2957.7973694999905,2958.7982629999838,sound2,2,1,sound,371.0,141.0,,0.0,False,True,False,False,False,True,False,False,True,False,False,False,False,True,False,False,False,False,True,False,False,True,False,False,False
2958.98141050002,2958.98141050002,2960.499383100026,2960.499383100026,2960.599469200018,2961.0000651999812,,2961.5002338999852,2961.5002338999852,2963.50195080002,2964.5197436999965,vis2,4,1,sound,372.0,142.0,,0.0,False,True,False,False,False,True,False,False,True,False,False,False,False,False,True,False,False,False,False,True,False,True,False,False,False
2966.087457299998,2966.087457299998,2967.60571089999,2967.60571089999,2967.7057164000084,2968.105952200023,,2968.606487200022,2968.606487200022,2970.608439399986,2971.6255650000035,vis2,4,1,sound,373.0,143.0,,0.0,False,True,False,False,False,True,False,False,True,False,False,False,False,False,True,False,False,False,False,True,False,True,False,False,False
2973.327010800023,2973.327010800023,2974.845511500034,2974.835511500034,2974.9450662999966,2975.335511500034,,2975.8458445000083,2975.8458445000083,2977.8476464999926,2978.865143199984,sound2,2,1,sound,374.0,144.0,,0.0,False,True,False,False,False,True,False,False,True,False,False,False,False,True,False,False,False,False,True,False,False,True,False,False,False
2979.132256600025,2979.132256600025,2980.6333306999963,2980.6233306999966,2980.733420800019,2981.1233306999966,,2981.6347477000177,2981.6347477000177,2983.6530188000265,2984.6534229000185,sound2,2,1,sound,375.0,145.0,,0.0,False,True,False,False,False,True,False,False,True,False,False,False,False,True,False,False,False,False,True,False,False,True,False,False,False
2985.188219800018,2985.188219800018,2986.705403600013,2986.705403600013,2986.8056586000107,2987.205624500007,,2987.7060454000107,2987.7060454000107,2989.7247317999804,2990.7257311000226,vis2,4,1,sound,376.0,146.0,,0.0,False,True,False,False,False,True,False,False,True,False,False,False,False,False,True,False,False,False,False,True,False,True,False,False,False
2991.159039200001,2991.159039200001,2992.6771444000274,2992.6771444000274,2992.777442500004,2993.1774025000136,2993.277479399994,2993.6780280000035,2993.6780280000035,2995.68117200002,2996.6973972999926,vis1,3,1,sound,377.0,147.0,,0.0,True,False,True,False,True,False,False,False,True,False,False,False,False,False,True,False,False,True,False,False,False,True,False,False,False
2997.6312510999937,2997.6312510999937,2999.1492509000323,2999.1492509000323,2999.2492970000108,2999.649787199983,2999.7834683000196,3000.1500732000072,3000.1500732000072,3002.152211999995,3003.169579399991,vis1,3,1,sound,378.0,148.0,,0.0,True,False,True,False,True,False,False,False,True,False,False,False,False,False,True,False,False,True,False,False,False,True,False,False,False
3004.6540570000157,3004.6540570000157,3006.172092100032,3006.172092100032,3006.272313700008,3006.172092100032,,3007.172754000008,3007.172754000008,3009.174509199985,3010.192529600006,catch,0,1,sound,,,,,False,True,False,False,False,False,False,False,False,False,False,False,False,False,False,True,False,False,False,False,False,True,False,False,False
3011.3434766000223,3011.3434766000223,3012.8443584999854,3012.8343584999857,3012.944558400029,3013.3343584999857,,3013.862119200008,3013.862119200008,3015.8637233999993,3016.8814000000216,sound2,2,1,sound,379.0,149.0,,0.0,False,True,False,False,False,True,False,False,True,False,False,False,False,True,False,False,False,False,True,False,False,True,False,False,False
3017.0481411999876,3017.0481411999876,3018.5493813000007,3018.539381300001,3018.649486800024,3019.039381300001,3018.9328262999857,3019.5500798000226,3019.5500798000226,3021.568464200021,3022.569312200017,sound2,2,1,sound,380.0,150.0,,0.0,True,False,True,False,True,False,False,False,True,False,False,False,False,True,False,False,False,False,True,False,False,True,False,False,False
3023.2032731000304,3023.2032731000304,3024.721336200027,3024.721336200027,3024.8214252999837,3025.2216092000103,,3025.722449000002,3025.722449000002,3027.7408711999974,3028.7412500000296,vis2,4,1,sound,381.0,151.0,,0.0,False,True,False,False,False,True,False,False,True,False,False,False,False,False,True,False,False,False,False,True,False,True,False,False,False
3028.7915196000336,3028.7915196000336,3030.292769000001,3030.292769000001,3030.3926649,3030.793629899979,,3031.3104118999995,3031.3104118999995,3033.3118530000297,3034.3133310999924,vis2,4,1,sound,382.0,152.0,,0.0,False,True,False,False,False,True,False,False,True,False,False,False,False,False,True,False,False,False,False,True,False,True,False,False,False
3034.43031059998,3034.43031059998,3035.9475019000324,3035.9475019000324,3036.0477358999865,3036.448388999977,3036.431218800027,3036.948373699977,3036.948373699977,3038.96708109999,3039.9678539999964,vis1,3,1,sound,383.0,153.0,,0.0,True,False,True,False,True,False,False,False,True,False,False,False,False,False,True,False,False,True,False,False,False,True,False,False,False
3040.034723700033,3040.034723700033,3041.5526196999795,3041.5526196999795,3041.6528730000223,3042.052732300022,,3042.5531361000117,3042.5531361000117,3044.5548737000295,3045.57255619998,vis2,4,1,sound,384.0,154.0,,0.0,False,True,False,False,False,True,False,False,True,False,False,False,False,False,True,False,False,False,False,True,False,True,False,False,False
3046.0394451000116,3046.0394451000116,3047.5407358000025,3047.5407358000025,3047.6408165000116,3048.0415061999897,,3048.542183300023,3048.542183300023,3050.55997489999,3051.560847399998,vis2,4,1,sound,385.0,155.0,,0.0,False,True,False,False,False,True,False,False,True,False,False,False,False,False,True,False,False,False,False,True,False,True,False,False,False
3054.580101899986,3054.580101899986,3056.098282600005,3056.088282600005,3056.198373400033,3056.588282600005,,3057.0989897999766,3057.0989897999766,3059.101405999981,3060.1184163999947,sound2,2,1,sound,386.0,156.0,,0.0,False,True,False,False,False,True,False,False,True,False,False,False,False,True,False,False,False,False,True,False,False,True,False,False,False
3061.202959000025,3061.202959000025,3062.704886500034,3062.694886500034,3062.804196499995,3063.194886500034,,3063.721337399978,3063.721337399978,3065.722995000027,3066.741008899998,sound1,1,1,sound,387.0,157.0,,0.0,False,False,True,False,False,False,True,True,False,False,False,False,False,True,False,False,True,False,False,False,False,True,False,False,False
3066.9575770000315,3066.9575770000315,3068.458801899987,3068.458801899987,3068.55886410003,3068.95952849999,,3069.459580799981,3069.459580799981,3071.47794999998,3072.4787871000094,vis1,3,1,sound,388.0,158.0,,0.0,False,True,False,False,False,True,False,False,True,False,False,False,False,False,True,False,False,True,False,False,False,True,False,False,False
3072.9625598000216,3072.9625598000216,3074.480733599988,3074.4707335999883,3074.580785900014,3074.9707335999883,,3075.4813875000195,3075.4813875000195,3077.500255600034,3078.501104299977,sound1,1,1,sound,389.0,159.0,,0.0,False,False,True,False,False,False,True,True,False,False,False,False,False,True,False,False,True,False,False,False,False,True,False,False,False
3078.5673891999845,3078.5673891999845,3080.069005100007,3080.059005100007,3080.1691707000223,3080.559005100007,,3081.086406500029,3081.086406500029,3083.087920600033,3084.105790800016,sound1,1,1,sound,390.0,160.0,,0.0,False,False,True,False,False,False,True,True,False,False,False,False,False,True,False,False,True,False,False,False,False,True,False,False,False
3086.1238741999928,3086.1238741999928,3087.641835500029,3087.6318355000294,3087.7418746000126,3088.1318355000294,,3088.6426606000255,3088.6426606000255,3090.6446069000026,3091.662337400028,sound2,2,1,sound,391.0,161.0,,0.0,False,True,False,False,False,True,False,False,True,False,False,False,False,True,False,False,False,False,True,False,False,True,False,False,False
3093.3633783999917,3093.3633783999917,3094.881334799991,3094.871334799991,3094.981486400016,3095.371334799991,,3095.882223700007,3095.882223700007,3097.9006523999938,3098.901498999979,sound1,1,1,sound,392.0,162.0,,0.0,False,False,True,False,False,False,True,True,False,False,False,False,False,True,False,False,True,False,False,False,False,True,False,False,False
3099.0684939000143,3099.0684939000143,3100.56990250003,3100.55990250003,3100.670124500009,3101.05990250003,3100.853132000027,3101.587086300025,3101.587086300025,3103.5888290000235,3104.589661900021,sound1,1,1,sound,393.0,163.0,,0.0,True,True,False,True,False,False,False,True,False,True,False,True,False,True,False,False,True,False,False,False,False,True,False,False,False
3106.458213399988,3106.458213399988,3107.9602021999976,3107.9602021999976,3108.05992009998,3108.4766037000313,3108.4766037000313,3108.9768418999824,3108.9768418999824,3110.9785351000114,3111.979974300027,vis1,3,1,sound,394.0,164.0,,0.0,True,False,True,False,True,False,False,False,True,False,False,False,False,False,True,False,False,True,False,False,False,True,False,False,False
3112.329671200024,3112.329671200024,3113.8311615000216,3113.821161500022,3113.9312846000043,3114.321161500022,,3114.8318421000236,3114.8318421000236,3116.850209900012,3117.85110400001,sound2,2,1,sound,395.0,165.0,,0.0,False,True,False,False,False,True,False,False,True,False,False,False,False,True,False,False,False,False,True,False,False,True,False,False,False
3118.9688709999987,3118.9688709999987,3120.48694869999,3120.4769486999903,3120.5873013000323,3120.9769486999903,,3121.4879633000323,3121.4879633000323,3123.505921799989,3124.506743900021,sound2,2,1,sound,396.0,166.0,,0.0,False,True,False,False,False,True,False,False,True,False,False,False,False,True,False,False,False,False,True,False,False,True,False,False,False
3125.8746201000263,3125.8746201000263,3127.392772200002,3127.3827722000024,3127.4929645999887,3127.8827722000024,3127.759559399981,3128.3939320999866,3128.3939320999866,3130.4118854000203,3131.41311849998,sound2,2,1,sound,397.0,167.0,,0.0,True,False,True,False,True,False,False,False,True,False,False,False,False,True,False,False,False,False,True,False,False,True,False,False,False
3132.7975398000067,3132.7975398000067,3134.3158197000243,3134.3158197000243,3134.415251499982,3134.8157084999925,,3135.316455599977,3135.316455599977,3137.3346795999764,3138.3355471000045,vis2,4,1,sound,398.0,168.0,,0.0,False,True,False,False,False,True,False,False,True,False,False,False,False,False,True,False,False,False,False,True,False,True,False,False,False
3138.3519998000206,3138.3519998000206,3139.853222400017,3139.853222400017,3139.9533513999863,3140.3544940999795,,3140.871004400027,3140.871004400027,3142.8727913000125,3143.874195299993,vis2,4,1,sound,399.0,169.0,,0.0,False,True,False,False,False,True,False,False,True,False,False,False,False,False,True,False,False,False,False,True,False,True,False,False,False
3143.9902826999983,3143.9902826999983,3145.4914717000297,3145.4914717000297,3145.5915524999814,3145.992026100002,,3146.4923356000304,3146.4923356000304,3148.5109273999783,3149.5117506000183,vis2,4,1,sound,400.0,170.0,,0.0,False,True,False,False,False,True,False,False,True,False,False,False,False,False,True,False,False,False,False,True,False,True,False,False,False
3151.1144828000192,3151.1144828000192,3152.6309238000044,3152.6209238000047,3152.7311077999852,3153.1209238000047,3152.9314143000024,3153.631782800026,3153.631782800026,3155.65015499999,3156.6510210000065,sound1,1,1,sound,401.0,171.0,,0.0,True,True,False,True,False,False,False,True,False,True,False,True,False,True,False,False,True,False,False,False,False,True,False,False,False
3157.2348106000077,3157.2348106000077,3158.7531317999906,3158.743131799991,3158.853408799981,3159.243131799991,3159.1366935999918,3159.7538815999956,3159.7538815999956,3161.7722960999904,3162.7731620000063,sound1,1,1,sound,402.0,172.0,,0.0,True,True,False,True,False,False,False,True,False,True,False,True,False,True,False,False,True,False,False,False,False,True,False,False,False
3164.9416080000315,3164.9416080000315,3166.4594703000125,3166.4494703000128,3166.559504000013,3166.9494703000128,3166.7598838000063,3167.4603275000204,3167.4603275000204,3169.478912899978,3170.4798174999974,sound1,1,1,sound,403.0,173.0,,0.0,True,True,False,True,False,False,False,True,False,True,False,True,False,True,False,False,True,False,False,False,False,True,False,False,False
3174.399991600026,3174.399991600026,3175.9175916999898,3175.9175916999898,3176.0176671000168,3176.4182048000016,3176.251332000023,3176.918433799999,3176.918433799999,3178.9201169000094,3179.938087900003,vis2,4,1,sound,404.0,174.0,,0.0,True,False,True,False,True,False,False,False,True,False,False,False,False,False,True,False,False,False,False,True,False,True,False,False,False
3181.088669999977,3181.088669999977,3182.5903028000116,3182.580302800012,3182.6911180000257,3183.080302800012,3182.9238427000323,3183.6076649000256,3183.6076649000256,3185.609210000033,3186.626993499996,sound2,2,1,sound,405.0,175.0,,0.0,True,False,True,False,True,False,False,False,True,False,False,False,False,True,False,False,False,False,True,False,False,True,False,False,False
3187.878263500004,3187.878263500004,3189.379143900014,3189.369143900014,3189.4791039999777,3189.869143900014,,3190.3970453000015,3190.3970453000015,3192.398375600003,3193.4161092999943,sound2,2,1,sound,406.0,176.0,,0.0,False,True,False,False,False,True,False,False,True,False,False,False,False,True,False,False,False,False,True,False,False,True,False,False,False
3193.6995543000025,3193.6995543000025,3195.2012949999857,3195.2012949999857,3195.3008948,3195.2012949999857,,3196.201620700021,3196.201620700021,3198.220001099989,3199.2209303000213,catch,0,1,sound,,,,,False,True,False,False,False,False,False,False,False,False,False,False,False,False,False,True,False,False,False,False,False,True,False,False,False
3203.7592386999836,3203.7592386999836,3205.2763467999844,3205.2763467999844,3205.3765862999803,3205.7765295999793,,3206.2774031999957,3206.2774031999957,3208.2953797000314,3209.2967221000085,vis1,3,1,sound,407.0,177.0,,0.0,False,True,False,False,False,True,False,False,True,False,False,False,False,False,True,False,False,True,False,False,False,True,False,False,False
3210.0971624000317,3210.0971624000317,3211.615158799986,3211.6051587999864,3211.71538930003,3212.1051587999864,,3212.61571230001,3212.61571230001,3214.6341339000005,3215.635017799979,sound1,1,1,sound,408.0,178.0,,0.0,False,False,True,False,False,False,True,True,False,False,False,False,False,True,False,False,True,False,False,False,False,True,False,False,False
3216.753139099988,3216.753139099988,3218.270602400016,3218.270602400016,3218.3706836000288,3218.7714672000234,,3219.2716098000033,3219.2716098000033,3221.2739951000053,3222.2906797999835,vis1,3,1,sound,409.0,179.0,,0.0,False,True,False,False,False,True,False,False,True,False,False,False,False,False,True,False,False,True,False,False,False,True,False,False,False
3223.942097200031,3223.942097200031,3225.460061100029,3225.460061100029,3225.5601954999815,3225.960824600022,,3226.4609485999767,3226.4609485999767,3228.4795596000126,3229.4803736999834,vis1,3,1,sound,410.0,180.0,,0.0,False,True,False,False,False,True,False,False,True,False,False,False,False,False,True,False,False,True,False,False,False,True,False,False,False
3230.447904500013,3230.447904500013,3231.965913500005,3231.965913500005,3232.0661010000126,3231.965913500005,,3232.9665037000173,3232.9665037000173,3234.9682609000097,3235.986371400018,catch,0,1,sound,,,,,False,True,False,False,False,False,False,False,False,False,False,False,False,False,False,True,False,False,False,False,False,True,False,False,False
3237.0199975000082,3237.0199975000082,3238.537995899978,3238.537995899978,3238.6380595000314,3239.03879010003,,3239.5388496000173,3239.5388496000173,3241.540527899991,3242.5584368999785,vis1,3,1,sound,411.0,181.0,,0.0,False,True,False,False,False,True,False,False,True,False,False,False,False,False,True,False,False,True,False,False,False,True,False,False,False
3242.6583150000165,3242.6583150000165,3244.1594543000188,3244.149454300019,3244.2595475000066,3244.649454300019,,3245.160303500024,3245.160303500024,3247.1786822999798,3248.1795745000213,sound1,1,1,sound,412.0,182.0,,0.0,False,False,True,False,False,False,True,True,False,False,False,False,False,True,False,False,True,False,False,False,False,True,False,False,False
3248.279628800004,3248.279628800004,3249.7976215999893,3249.7976215999893,3249.8979568000154,3250.2980695000238,,3250.7984943999995,3250.7984943999995,3252.8011012,3253.8181923999887,vis1,3,1,sound,413.0,183.0,,0.0,False,True,False,False,False,True,False,False,True,False,False,False,False,False,True,False,False,True,False,False,False,True,False,False,False
3255.26903189999,3255.26903189999,3256.7873300000297,3256.7873300000297,3256.887551000001,3257.287520100022,,3257.7882681000133,3257.7882681000133,3259.7900165999977,3260.80729440001,vis2,4,1,sound,414.0,184.0,,0.0,False,True,False,False,False,True,False,False,True,False,False,False,False,False,True,False,False,False,False,True,False,True,False,False,False
3260.9238339000235,3260.9238339000235,3262.4251434999837,3262.4251434999837,3262.5251786999956,3262.4251434999837,,3263.4428895000106,3263.4428895000106,3265.444447299998,3266.445254700034,catch,0,1,sound,,,,,False,True,False,False,False,False,False,False,False,False,False,False,False,False,False,True,False,False,False,False,False,True,False,False,False
3369.717362199977,3369.717362199977,3371.218426099987,3371.218426099987,3371.3186484000266,3371.718879500005,,3372.219344199993,3372.219344199993,3374.2379591000004,3375.2386155999934,vis1,3,1,sound,415.0,185.0,,0.0,False,True,False,False,False,True,False,False,True,False,False,False,False,False,True,False,False,True,False,False,False,True,False,False,False
3385.281004500002,3385.281004500002,3386.7985720000083,3386.7985720000083,3386.898692300028,3387.299333099983,,3387.799397300006,3387.799397300006,3389.8010966000234,3390.8192284000193,vis1,3,1,sound,416.0,186.0,,0.0,False,True,False,False,False,True,False,False,True,False,False,False,False,False,True,False,False,True,False,False,False,True,False,False,False
3393.5876380999775,3393.5876380999775,3395.1058559999888,3395.095855999989,3395.205983500005,3395.595855999989,,3396.106501700016,3396.106501700016,3398.1250811999867,3399.1262701000173,sound2,2,1,sound,417.0,187.0,,0.0,False,True,False,False,False,True,False,False,True,False,False,False,False,True,False,False,False,False,True,False,False,True,False,False,False
3401.428207200029,3401.428207200029,3402.9294759000272,3402.9294759000272,3403.0295693000166,3403.429474400016,3403.1126096000166,3403.9302498999837,3403.9302498999837,3405.94831190003,3406.949154999989,vis2,4,1,sound,418.0,188.0,,0.0,True,False,True,False,True,False,False,False,True,False,False,False,False,False,True,False,False,False,False,True,False,True,False,False,False
3407.0992894999886,3407.0992894999886,3408.617208399993,3408.6072083999934,3408.717321900019,3409.1072083999934,3408.717321900019,3409.6180754000175,3409.6180754000175,3411.6369544999993,3412.6375981000106,sound2,2,1,sound,419.0,189.0,,0.0,True,False,True,False,True,False,False,False,True,False,False,False,False,True,False,False,False,False,True,False,False,True,False,False,False
3412.704261299988,3412.704261299988,3414.2053973000234,3414.2053973000234,3414.305454100025,3414.2053973000234,,3415.2235671000176,3415.2235671000176,3417.224764699998,3418.2256531000107,catch,0,1,sound,,,,,False,True,False,False,False,False,False,False,False,False,False,False,False,False,False,True,False,False,False,False,False,True,False,False,False
3420.394075900034,3420.394075900034,3421.9120212000066,3421.9120212000066,3422.012265499981,3422.4126751999806,3422.629361699984,3422.9128294999914,3422.9128294999914,3424.9145756000157,3425.932155900003,vis1,3,1,sound,420.0,190.0,,0.0,True,False,True,False,True,False,False,False,True,False,False,False,False,False,True,False,False,True,False,False,False,True,False,False,False
3427.3835341000317,3427.3835341000317,3428.9015689999883,3428.9015689999883,3429.001617899988,3429.401729999992,,3429.902148599978,3429.902148599978,3431.904194400014,3432.921711899989,vis2,4,1,sound,421.0,191.0,,0.0,False,True,False,False,False,True,False,False,True,False,False,False,False,False,True,False,False,False,False,True,False,True,False,False,False
3434.0891428000264,3434.0891428000264,3435.607107200028,3435.607107200028,3435.7071327000244,3436.107884300008,3436.2748198999993,3436.6079351999883,3436.6079351999883,3438.610091399992,3439.62738889998,vis1,3,1,sound,422.0,192.0,,0.0,True,False,True,False,True,False,False,False,True,False,False,False,False,False,True,False,False,True,False,False,False,True,False,False,False
3439.7773541000292,3439.7773541000292,3441.2786215000174,3441.2686215000176,3441.378757099979,3441.7686215000176,,3442.279523600018,3442.279523600018,3444.297979399978,3445.2987364999804,sound2,2,1,sound,423.0,193.0,,0.0,False,True,False,False,False,True,False,False,True,False,False,False,False,True,False,False,False,False,True,False,False,True,False,False,False
3445.949289800026,3445.949289800026,3447.46730909998,3447.45730909998,3447.567438000007,3447.95730909998,,3448.4680856000136,3448.4680856000136,3450.486947799983,3451.487548500017,sound1,1,1,sound,424.0,194.0,,0.0,False,False,True,False,False,False,True,True,False,False,False,False,False,True,False,False,True,False,False,False,False,True,False,False,False
3453.5228634000027,3453.5228634000027,3455.0238354000116,3455.013835400012,3455.124043199999,3455.513835400012,,3456.0246142000046,3456.0246142000046,3458.043206300013,3459.044015300003,sound2,2,1,sound,425.0,195.0,,0.0,False,True,False,False,False,True,False,False,True,False,False,False,False,True,False,False,False,False,True,False,False,True,False,False,False
3459.7778393999993,3459.7778393999993,3461.295775600019,3461.2857756000194,3461.3958790000265,3461.7857756000194,,3462.296627699988,3462.296627699988,3464.315047600024,3465.3160822999866,sound2,2,1,sound,426.0,196.0,,0.0,False,True,False,False,False,True,False,False,True,False,False,False,False,True,False,False,False,False,True,False,False,True,False,False,False
3465.5327835999865,3465.5327835999865,3467.0345899000035,3467.024589900004,3467.135053900021,3467.524589900004,3467.468294300031,3468.0515608000073,3468.0515608000073,3470.053785800011,3471.0710296999982,sound1,1,1,sound,427.0,197.0,,0.0,True,True,False,True,False,False,False,True,False,True,False,True,False,True,False,False,True,False,False,False,False,True,False,False,False
3471.454760300004,3471.454760300004,3472.9561436000017,3472.946143600002,3473.0563213999935,3473.446143600002,3473.4562151000223,3473.9569614000006,3473.9569614000006,3475.9751996999926,3476.9758947999885,sound1,1,1,sound,428.0,198.0,,0.0,True,True,False,True,False,False,False,True,False,True,False,True,False,True,False,False,True,False,False,False,False,True,False,False,False
3477.9767569000337,3477.9767569000337,3479.478041499978,3479.478041499978,3479.5781482000107,3479.97850039998,,3480.4789690999983,3480.4789690999983,3482.4973357999784,3483.4981770999816,vis2,4,1,sound,429.0,199.0,,0.0,False,True,False,False,False,True,False,False,True,False,False,False,False,False,True,False,False,False,False,True,False,True,False,False,False
3483.515407299981,3483.515407299981,3485.0330358999868,3485.0330358999868,3485.133081400019,3485.0330358999868,,3486.0338623999937,3486.0338623999937,3488.052644299992,3489.0529249000333,catch,0,1,sound,,,,,False,True,False,False,False,False,False,False,False,False,False,False,False,False,False,True,False,False,False,False,False,True,False,False,False
3489.1699386999912,3489.1699386999912,3490.6709920999797,3490.6709920999797,3490.771062000023,3491.1717996000166,,3491.6886179000226,3491.6886179000226,3493.6902479999785,3494.691202900032,vis2,4,1,sound,430.0,200.0,,0.0,False,True,False,False,False,True,False,False,True,False,False,False,False,False,True,False,False,False,False,True,False,True,False,False,False
3497.377191599991,3497.377191599991,3498.8946932000194,3498.8846932000197,3498.994805200034,3499.3846932000197,3499.261758200018,3499.895553299991,3499.895553299991,3501.9141208999877,3502.915368700001,sound1,1,1,sound,431.0,201.0,,0.0,True,True,False,True,False,False,False,True,False,True,False,True,False,True,False,False,True,False,False,False,False,True,False,False,False
3503.131863199998,3503.131863199998,3504.632947799991,3504.632947799991,3504.733063400033,3505.133995999998,,3505.650699500003,3505.650699500003,3507.6525352000112,3508.653533699989,vis2,4,1,sound,432.0,202.0,,0.0,False,True,False,False,False,True,False,False,True,False,False,False,False,False,True,False,False,False,False,True,False,True,False,False,False
3509.6042480000265,3509.6042480000265,3511.105599400014,3511.105599400014,3511.205309199993,3511.605656899986,,3512.106286500007,3512.106286500007,3514.124872300026,3515.125751800029,vis1,3,1,sound,433.0,203.0,,0.0,False,True,False,False,False,True,False,False,True,False,False,False,False,False,True,False,False,True,False,False,False,True,False,False,False
3516.6770055000175,3516.6770055000175,3518.1779529000137,3518.167952900014,3518.278077500008,3518.667952900014,,3519.179133899984,3519.179133899984,3521.1975910000124,3522.1984091000136,sound1,1,1,sound,434.0,204.0,,0.0,False,False,True,False,False,False,True,True,False,False,False,False,False,True,False,False,True,False,False,False,False,True,False,False,False
3523.0656348000134,3523.0656348000134,3524.566772200001,3524.5567722000014,3524.6668432999954,3525.0567722000014,3525.0004841000277,3525.567601300028,3525.567601300028,3527.586244000014,3528.5869061999924,sound1,1,1,sound,435.0,205.0,,0.0,True,True,False,True,False,False,False,True,False,True,False,True,False,True,False,False,True,False,False,False,False,True,False,False,False
3529.0038803999864,3529.0038803999864,3530.521877200002,3530.521877200002,3530.6221375999826,3531.022376300019,,3531.5228958000166,3531.5228958000166,3533.5411284000234,3534.5419445000093,vis2,4,1,sound,436.0,206.0,,0.0,False,True,False,False,False,True,False,False,True,False,False,False,False,False,True,False,False,False,False,True,False,True,False,False,False
3534.9090464999986,3534.9090464999986,3536.41073479999,3536.4007347999905,3536.510797100034,3536.9007347999905,3536.7111311000276,3537.427756400031,3537.427756400031,3539.429955100009,3540.4471294999908,sound2,2,1,sound,437.0,207.0,,0.0,True,False,True,False,True,False,False,False,True,False,False,False,False,True,False,False,False,False,True,False,False,True,False,False,False
3542.4490003000333,3542.4490003000333,3543.951250499996,3543.9412504999964,3544.067085600001,3544.4412504999964,,3544.9677640000095,3544.9677640000095,3546.9693495000333,3547.9873529999836,sound1,1,1,sound,438.0,208.0,,0.0,False,False,True,False,False,False,True,True,False,False,False,False,False,True,False,False,True,False,False,False,False,True,False,False,False
3550.8400578000087,3550.8400578000087,3552.3574651000176,3552.347465100018,3552.4575245999818,3552.847465100018,,3553.3581602000136,3553.3581602000136,3555.376595899995,3556.3773831999947,sound1,1,1,sound,439.0,209.0,,0.0,False,False,True,False,False,False,True,True,False,False,False,False,False,True,False,False,True,False,False,False,False,True,False,False,False
3556.811097699983,3556.811097699983,3558.3292350000206,3558.319235000021,3558.429552600029,3558.819235000021,,3559.3299270999937,3559.3299270999937,3561.3323905000084,3562.349209000016,sound2,2,1,sound,440.0,210.0,,0.0,False,True,False,False,False,True,False,False,True,False,False,False,False,True,False,False,False,False,True,False,False,True,False,False,False
3562.999708099998,3562.999708099998,3564.501394999979,3564.501394999979,3564.6013075999886,3565.0185723999834,,3565.5187550999776,3565.5187550999776,3567.520596100026,3568.5378925000055,vis2,4,1,sound,441.0,211.0,,0.0,False,True,False,False,False,True,False,False,True,False,False,False,False,False,True,False,False,False,False,True,False,True,False,False,False
3568.8219428000243,3568.8219428000243,3570.322753700029,3570.322753700029,3570.422937600009,3570.823645500009,,3571.3235472000174,3571.3235472000174,3573.342093600027,3574.3428126000304,vis2,4,1,sound,442.0,212.0,,0.0,False,True,False,False,False,True,False,False,True,False,False,False,False,False,True,False,False,False,False,True,False,True,False,False,False
3574.7936789000028,3574.7936789000028,3576.311376600011,3576.3013766000113,3576.4116690000023,3576.8013766000113,,3577.312470500017,3577.312470500017,3579.3306554000096,3580.3312414999905,sound1,1,1,sound,443.0,213.0,,0.0,False,False,True,False,False,False,True,True,False,False,False,False,False,True,False,False,True,False,False,False,False,True,False,False,False
3582.4835723000083,3582.4835723000083,3584.0011172000172,3584.0011172000172,3584.101349300015,3584.5015418999915,,3585.001947799997,3585.001947799997,3587.0203309999865,3588.0211938999796,vis2,4,1,sound,444.0,214.0,,0.0,False,True,False,False,False,True,False,False,True,False,False,False,False,False,True,False,False,False,False,True,False,True,False,False,False
3588.488586800007,3588.488586800007,3590.006280899988,3590.006280899988,3590.1065851000108,3590.006280899988,,3591.0071238000032,3591.0071238000032,3593.025551899985,3594.0263791999982,catch,0,1,sound,,,,,False,True,False,False,False,False,False,False,False,False,False,False,False,False,False,True,False,False,False,False,False,True,False,False,False
3594.143398900001,3594.143398900001,3595.644354800004,3595.644354800004,3595.744462399985,3596.144963899985,3596.2620697000034,3596.662227100003,3596.662227100003,3598.6636852999886,3599.6646878999977,vis1,3,1,sound,445.0,215.0,,0.0,True,False,True,False,True,False,False,False,True,False,False,False,False,False,True,False,False,True,False,False,False,True,False,False,False
3601.0828704999963,3601.0828704999963,3602.583725599988,3602.5737255999884,3602.6838229000073,3603.0737255999884,3603.050744100017,3603.6012645000096,3603.6012645000096,3605.602952499999,3606.604161200006,sound2,2,1,sound,446.0,216.0,,0.0,True,False,True,False,True,False,False,False,True,False,False,False,False,True,False,False,False,False,True,False,False,True,False,False,False
3606.8044807000056,3606.8044807000056,3608.321946599995,3608.3119465999953,3608.422025699992,3608.8119465999953,,3609.322947599992,3609.322947599992,3611.341391000032,3612.342277200028,sound2,2,1,sound,447.0,217.0,,0.0,False,True,False,False,False,True,False,False,True,False,False,False,False,True,False,False,False,False,True,False,False,True,False,False,False
